track type=wiggle_0 name="H1-hESC" description="H3K27Ac Mark (Often Found Near Regulatory Elements) on H1-hESC Cells from ENCODE"
#bedGraph section chr1:25866434-25901859
chr1	25884559	25884584	0.32
chr1	25884584	25884609	1
chr1	25884609	25884634	1.44
chr1	25884634	25884684	2
chr1	25884684	25884709	2.24
chr1	25884709	25884759	3
chr1	25884759	25884784	3.08
chr1	25884784	25884809	3
chr1	25884809	25884834	3.52
chr1	25884834	25884884	3
chr1	25884884	25884909	2.76
chr1	25884909	25884934	2.8
chr1	25884934	25884959	3
chr1	25884959	25884984	2.6
chr1	25884984	25885009	2.52
chr1	25885009	25885034	2.92
chr1	25885034	25885109	3
chr1	25885109	25885134	2.2
chr1	25885134	25885184	2
chr1	25885184	25885209	1.48
chr1	25885209	25885234	0.12
chr1	25885309	25885334	0.2
chr1	25885334	25885359	1
chr1	25885359	25885384	1.32
chr1	25885384	25885409	2.44
chr1	25885409	25885509	3
chr1	25885509	25885534	2.8
chr1	25885534	25885559	2
chr1	25885559	25885584	1.68
chr1	25885584	25885609	0.56
chr1	25885609	25885634	0.28
chr1	25885634	25885659	2
chr1	25885659	25885684	2.44
chr1	25885684	25885809	3
chr1	25885809	25885834	3.28
chr1	25885834	25885884	2.56
chr1	25885884	25886009	2
chr1	25886009	25886034	1.44
chr1	25886034	25886059	0.44
chr1	25886059	25886084	0.08
chr1	25886084	25886109	1
chr1	25886109	25886134	1.72
chr1	25886134	25886209	2
chr1	25886209	25886234	2.32
chr1	25886234	25886259	4
chr1	25886259	25886284	4.24
chr1	25886284	25886309	4
chr1	25886309	25886409	5
chr1	25886409	25886434	4.68
chr1	25886434	25886459	3
chr1	25886459	25886484	2.68
chr1	25886484	25886509	2
chr1	25886509	25886534	0.28
chr1	25886984	25887009	0.08
chr1	25887009	25887034	2.24
chr1	25887034	25887059	5.92
chr1	25887059	25887184	6
chr1	25887184	25887209	5.92
chr1	25887209	25887234	3.76
chr1	25887234	25887259	0.08
chr1	25887434	25887459	0.16
chr1	25887459	25887484	1.48
chr1	25887484	25887584	2
chr1	25887584	25887609	2.48
chr1	25887609	25887634	3
chr1	25887634	25887659	2.84
chr1	25887659	25887684	1.52
chr1	25887684	25887709	1.8
chr1	25887709	25887784	2
chr1	25887784	25887809	1.52
chr1	25887809	25887859	1
chr1	25887859	25887884	1.56
chr1	25887884	25887909	1.2
chr1	25887909	25888009	1
chr1	25888009	25888034	1.36
chr1	25888034	25888059	2
chr1	25888059	25888084	2.12
chr1	25888084	25888109	2
chr1	25888109	25888134	2.4
chr1	25888134	25888209	3
chr1	25888209	25888234	2.64
chr1	25888234	25888259	2.68
chr1	25888259	25888284	2.32
chr1	25888284	25888309	2.44
chr1	25888309	25888334	3.36
chr1	25888334	25888359	3
chr1	25888359	25888384	3.8
chr1	25888384	25888434	5
chr1	25888434	25888459	4.32
chr1	25888459	25888484	4
chr1	25888484	25888509	3.56
chr1	25888509	25888534	2.48
chr1	25888534	25888559	3
chr1	25888559	25888584	2.2
chr1	25888584	25888709	1
chr1	25888709	25888734	0.76
chr1	25888784	25888809	0.52
chr1	25888809	25888834	1.72
chr1	25888834	25888859	3.6
chr1	25888859	25888884	5
chr1	25888884	25888909	5.16
chr1	25888909	25888934	6.92
chr1	25888934	25888959	7.96
chr1	25888959	25888984	9
chr1	25888984	25889009	8.48
chr1	25889009	25889034	8.08
chr1	25889034	25889059	6.56
chr1	25889059	25889084	6.12
chr1	25889084	25889109	6.88
chr1	25889109	25889134	6.08
chr1	25889134	25889159	5.04
chr1	25889159	25889209	4
chr1	25889209	25889234	3.2
chr1	25889234	25889259	3.8
chr1	25889259	25889284	2.88
chr1	25889284	25889309	2.32
chr1	25889309	25889334	2.64
chr1	25889334	25889384	3
chr1	25889384	25889409	3.12
chr1	25889409	25889434	4
chr1	25889434	25889459	3.04
chr1	25889459	25889484	3.52
chr1	25889484	25889509	4
chr1	25889509	25889534	3.36
chr1	25889534	25889584	3
chr1	25889584	25889609	2.88
chr1	25889609	25889659	2
chr1	25889659	25889684	1.48
chr1	25889684	25889709	1.32
chr1	25889709	25889734	1.88
chr1	25889734	25889759	2
chr1	25889759	25889784	2.2
chr1	25889784	25889809	4.68
chr1	25889809	25889834	5.76
chr1	25889834	25889859	6.36
chr1	25889859	25889884	8
chr1	25889884	25889909	8.32
chr1	25889909	25889934	8.12
chr1	25889934	25889959	8
chr1	25889959	25889984	8.56
chr1	25889984	25890009	7.32
chr1	25890009	25890034	6.24
chr1	25890034	25890059	5.64
chr1	25890059	25890084	4
chr1	25890084	25890109	3
chr1	25890109	25890134	2
chr1	25890134	25890159	2.32
chr1	25890159	25890184	2.8
chr1	25890184	25890209	3.4
chr1	25890209	25890334	5
chr1	25890334	25890359	4.68
chr1	25890359	25890384	4.32
chr1	25890384	25890409	2.6
chr1	25890409	25890509	1
chr1	25890509	25890534	1.24
chr1	25890534	25890559	2
chr1	25890559	25890584	2.8
chr1	25890584	25890609	3
chr1	25890609	25890634	3.6
chr1	25890634	25890684	4
chr1	25890684	25890709	4.28
chr1	25890709	25890734	4.88
chr1	25890734	25890759	5
chr1	25890759	25890784	3.32
chr1	25890784	25890809	3
chr1	25890809	25890834	2.4
chr1	25890834	25890859	3.08
chr1	25890859	25890884	4
chr1	25890884	25890909	3.72
chr1	25890909	25890934	2.88
chr1	25890934	25890959	2.32
chr1	25890959	25891009	3
chr1	25891009	25891034	4.16
chr1	25891034	25891059	3.92
chr1	25891059	25891134	3
chr1	25891134	25891159	2.68
chr1	25891159	25891209	2
chr1	25891209	25891234	1.8
chr1	25891234	25891259	1
chr1	25891259	25891284	1.16
chr1	25891284	25891309	2
chr1	25891309	25891334	2.44
chr1	25891334	25891384	3
chr1	25891384	25891409	3.72
chr1	25891409	25891434	3.04
chr1	25891434	25891459	3.72
chr1	25891459	25891484	5.96
chr1	25891484	25891509	6
chr1	25891509	25891534	5.92
chr1	25891534	25891559	6
chr1	25891559	25891584	7.44
chr1	25891584	25891609	8.28
chr1	25891609	25891659	8
chr1	25891659	25891684	5.88
chr1	25891684	25891709	5
chr1	25891709	25891734	4.68
chr1	25891734	25891759	5.76
chr1	25891759	25891784	8
chr1	25891784	25891809	7.8
chr1	25891809	25891834	9.48
chr1	25891834	25891859	9.76
chr1	25891859	25891884	10
chr1	25891884	25891934	10.96
chr1	25891934	25891959	9.24
chr1	25891959	25891984	6.52
chr1	25891984	25892009	5.2
chr1	25892009	25892034	3.52
chr1	25892034	25892059	2.52
chr1	25892059	25892084	2.24
chr1	25892084	25892109	2.04
chr1	25892109	25892159	2
chr1	25892159	25892184	1.04
chr1	25892184	25892209	1.84
chr1	25892209	25892234	2.32
chr1	25892234	25892259	4
chr1	25892259	25892284	3.76
chr1	25892284	25892309	3.64
chr1	25892309	25892334	5.8
chr1	25892334	25892384	6
chr1	25892384	25892409	5.36
chr1	25892409	25892434	7.08
chr1	25892434	25892459	6
chr1	25892459	25892484	7.48
chr1	25892484	25892509	8.8
chr1	25892509	25892534	7.2
chr1	25892534	25892559	7
chr1	25892559	25892584	7.24
chr1	25892584	25892609	10.68
chr1	25892609	25892634	13.32
chr1	25892634	25892659	18.24
chr1	25892659	25892684	20.68
chr1	25892684	25892709	26.4
chr1	25892709	25892734	31.36
chr1	25892734	25892759	38.36
chr1	25892759	25892784	43.24
chr1	25892784	25892809	40.64
chr1	25892809	25892834	37.28
chr1	25892834	25892859	32.76
chr1	25892859	25892884	28.84
chr1	25892884	25892909	21.16
chr1	25892909	25892934	15.64
chr1	25892934	25892959	8.64
chr1	25892959	25892984	3.52
chr1	25892984	25893009	2.48
chr1	25893009	25893034	1
chr1	25893109	25893134	0.6
chr1	25893134	25893159	1.44
chr1	25893159	25893184	2
chr1	25893184	25893209	2.24
chr1	25893209	25893234	3.56
chr1	25893234	25893259	5.12
chr1	25893259	25893284	6
chr1	25893284	25893309	6.88
chr1	25893309	25893334	7.68
chr1	25893334	25893359	8.36
chr1	25893359	25893384	9
chr1	25893384	25893409	8.76
chr1	25893409	25893434	7.92
chr1	25893434	25893459	7.84
chr1	25893459	25893484	9.6
chr1	25893484	25893509	11.12
chr1	25893509	25893534	9.72
chr1	25893534	25893559	8.92
chr1	25893559	25893584	8.16
chr1	25893584	25893609	9
chr1	25893609	25893634	8.52
chr1	25893634	25893659	7.04
chr1	25893659	25893684	4.4
chr1	25893684	25893734	2
chr1	25893734	25893759	1.28
chr1	25893759	25893784	0.84
chr1	25893784	25893809	0.52
chr1	25893809	25893834	3.8
chr1	25893834	25893884	5
chr1	25893884	25893909	5.04
chr1	25893909	25893934	6
chr1	25893934	25893959	6.52
chr1	25893959	25893984	7
chr1	25893984	25894009	7.56
chr1	25894009	25894034	6.2
chr1	25894034	25894084	5
chr1	25894084	25894109	4.96
chr1	25894109	25894134	4
chr1	25894134	25894159	4.08
chr1	25894159	25894184	4.16
chr1	25894184	25894209	5.68
chr1	25894209	25894234	4.68
chr1	25894234	25894259	5
chr1	25894259	25894334	6
chr1	25894334	25894359	6.08
chr1	25894359	25894384	5.84
chr1	25894384	25894409	4.12
chr1	25894409	25894434	3.32
chr1	25894434	25894459	3
chr1	25894459	25894484	2
chr1	25894484	25894509	2.08
chr1	25894509	25894534	3
chr1	25894534	25894559	2.32
chr1	25894559	25894584	2.8
chr1	25894584	25894609	2.12
chr1	25894609	25894659	2
chr1	25894659	25894684	2.08
chr1	25894684	25894709	2.92
chr1	25894709	25894759	2
chr1	25894759	25894784	1.8
chr1	25894784	25894859	2
chr1	25894859	25894884	1.92
chr1	25894884	25894934	1
chr1	25894934	25894959	1.8
chr1	25894959	25894984	1.4
chr1	25894984	25895009	1.64
chr1	25895009	25895134	2
chr1	25895134	25895159	1.2
chr1	25895159	25895184	1
chr1	25895184	25895209	0.96
chr1	25895209	25895384	1
chr1	25895384	25895409	0.4
chr1	25895459	25895484	0.96
chr1	25895484	25895559	1
chr1	25895559	25895584	1.16
chr1	25895584	25895659	2
chr1	25895659	25895684	1.12
chr1	25895684	25895709	2.04
chr1	25895709	25895734	4.4
chr1	25895734	25895759	5.48
chr1	25895759	25895784	5.84
chr1	25895784	25895809	5.76
chr1	25895809	25895834	8.36
chr1	25895834	25895859	9
chr1	25895859	25895884	9.08
chr1	25895884	25895909	8.96
chr1	25895909	25895934	7
chr1	25895934	25895959	6.72
chr1	25895959	25895984	7.72
chr1	25895984	25896009	7.4
chr1	25896009	25896034	5.64
chr1	25896034	25896059	5
chr1	25896059	25896084	4.84
chr1	25896084	25896109	4.52
chr1	25896109	25896134	4.6
chr1	25896134	25896159	3.8
chr1	25896159	25896184	2.28
chr1	25896184	25896209	2.16
chr1	25896209	25896234	2.72
chr1	25896234	25896259	4.56
chr1	25896259	25896284	5
chr1	25896284	25896309	4.72
chr1	25896309	25896384	5
chr1	25896384	25896409	5.4
chr1	25896409	25896434	6.4
chr1	25896434	25896459	7.68
chr1	25896459	25896484	9
chr1	25896484	25896509	9.2
chr1	25896509	25896534	9.52
chr1	25896534	25896559	10.04
chr1	25896559	25896584	11
chr1	25896584	25896609	10.36
chr1	25896609	25896634	10
chr1	25896634	25896659	8.76
chr1	25896659	25896684	7.52
chr1	25896684	25896709	8.48
chr1	25896709	25896734	7.72
chr1	25896734	25896759	8.72
chr1	25896759	25896784	9.96
chr1	25896784	25896809	9.92
chr1	25896809	25896834	8.44
chr1	25896834	25896859	7.96
chr1	25896859	25896884	7.48
chr1	25896884	25896909	6.08
chr1	25896909	25896934	5.76
chr1	25896934	25896959	4.52
chr1	25896959	25896984	4.04
chr1	25896984	25897009	4.56
chr1	25897009	25897034	4.44
chr1	25897034	25897059	3.04
chr1	25897059	25897134	3
chr1	25897134	25897159	2.72
chr1	25897159	25897184	1
chr1	25897184	25897209	0.44
chr1	25897384	25897409	0.24
chr1	25897409	25897459	1
chr1	25897459	25897484	1.32
chr1	25897484	25897584	3
chr1	25897584	25897609	2.76
chr1	25897609	25897634	2
chr1	25897634	25897659	2.48
chr1	25897659	25897684	2.68
chr1	25897684	25897709	1.28
chr1	25897709	25897734	2.08
chr1	25897734	25897759	4
chr1	25897759	25897784	5.44
chr1	25897784	25897809	7.88
chr1	25897809	25897834	8.28
chr1	25897834	25897884	9
chr1	25897884	25897909	8.72
chr1	25897909	25897934	7.92
chr1	25897934	25897959	6
chr1	25897959	25897984	4.56
chr1	25897984	25898009	2.12
chr1	25898009	25898034	1.72
chr1	25898034	25898059	1.44
chr1	25898059	25898109	1
chr1	25898109	25898134	1.32
chr1	25898134	25898159	2.28
chr1	25898159	25898184	3.68
chr1	25898184	25898209	4.16
chr1	25898209	25898234	6
chr1	25898234	25898259	5.44
chr1	25898259	25898284	7.2
chr1	25898284	25898309	8
chr1	25898309	25898334	8.48
chr1	25898334	25898359	7.84
chr1	25898359	25898384	7.32
chr1	25898384	25898409	6.84
chr1	25898409	25898434	5
chr1	25898434	25898459	4.64
chr1	25898459	25898484	2.8
chr1	25898484	25898509	2.96
chr1	25898509	25898534	4
chr1	25898534	25898559	3.88
chr1	25898559	25898584	4.04
chr1	25898584	25898634	5
chr1	25898634	25898659	5.88
chr1	25898659	25898684	6.72
chr1	25898684	25898709	6.04
chr1	25898709	25898734	4.2
chr1	25898734	25898759	4.6
chr1	25898759	25898784	3.96
chr1	25898784	25898834	3
chr1	25898834	25898859	2.12
chr1	25898859	25898884	1.28
chr1	25898884	25898934	1
chr1	25898934	25898959	1.24
chr1	25898959	25898984	1.76
chr1	25898984	25899159	2
chr1	25899159	25899184	2.32
chr1	25899184	25899209	3
chr1	25899209	25899234	3.52
chr1	25899234	25899259	4.52
chr1	25899259	25899284	5
chr1	25899284	25899309	5.76
chr1	25899309	25899359	6
chr1	25899359	25899384	5.08
chr1	25899384	25899409	5
chr1	25899409	25899434	4.48
chr1	25899434	25899459	3.48
chr1	25899459	25899484	3
chr1	25899484	25899509	2.24
chr1	25899509	25899534	2
chr1	25899534	25899559	1.16
chr1	25899559	25899584	0.84
chr1	25899609	25899634	0.52
chr1	25899634	25899659	1
chr1	25899659	25899684	1.16
chr1	25899684	25899809	2
chr1	25899809	25899834	1.48
chr1	25899834	25899859	1
chr1	25899859	25899884	0.84
chr1	25899909	25899934	0.4
chr1	25899934	25900034	2
chr1	25900034	25900059	3.28
chr1	25900059	25900084	4.72
chr1	25900084	25900109	5
chr1	25900109	25900134	4.6
chr1	25900134	25900184	3
chr1	25900184	25900209	3.56
chr1	25900209	25900234	4
chr1	25900234	25900259	2.88
chr1	25900259	25900284	2.28
chr1	25900284	25900309	2
chr1	25900309	25900334	2.92
chr1	25900334	25900359	3.84
chr1	25900359	25900384	4
chr1	25900384	25900409	4.28
chr1	25900409	25900434	4
chr1	25900434	25900459	5.76
chr1	25900459	25900484	6
chr1	25900484	25900509	7.44
chr1	25900509	25900534	7.8
chr1	25900534	25900559	7.16
chr1	25900559	25900584	7
chr1	25900584	25900609	6.24
chr1	25900609	25900634	7.56
chr1	25900634	25900684	6.08
chr1	25900684	25900709	6.64
chr1	25900709	25900734	8.96
chr1	25900734	25900784	9
chr1	25900784	25900809	8.92
chr1	25900809	25900834	7.72
chr1	25900834	25900859	8
chr1	25900859	25900884	6.92
chr1	25900884	25900909	4.92
chr1	25900909	25900934	1.32
chr1	25900934	25901009	1
chr1	25901009	25901034	0.72
chr1	25901034	25901059	1.44
chr1	25901059	25901109	3
chr1	25901109	25901134	3.08
chr1	25901134	25901159	4.56
chr1	25901159	25901209	6
chr1	25901209	25901234	6.8
chr1	25901234	25901259	6.56
chr1	25901259	25901309	5
chr1	25901309	25901334	4.92
chr1	25901334	25901359	4.16
chr1	25901359	25901384	5.8
chr1	25901384	25901409	8.84
chr1	25901409	25901434	9.2
chr1	25901434	25901459	8.08
chr1	25901459	25901484	10.76
chr1	25901484	25901509	12
chr1	25901509	25901534	12.84
chr1	25901534	25901559	12.68
chr1	25901559	25901584	10.2
chr1	25901584	25901609	7.16
chr1	25901609	25901634	6
chr1	25901634	25901659	5.96
chr1	25901659	25901684	4.48
chr1	25901684	25901709	4
chr1	25901709	25901734	3.16
chr1	25901734	25901759	2.6
chr1	25901759	25901834	2
chr1	25901834	25901859	1.96
#bedGraph section chr1:25901859-25944159
chr1	25901859	25901884	1.28
chr1	25901884	25901909	1
chr1	25901909	25901934	1.48
chr1	25901934	25902059	2
chr1	25902059	25902084	1.48
chr1	25902084	25902109	1
chr1	25902109	25902134	0.52
chr1	25902234	25902259	0.44
chr1	25902259	25902334	1
chr1	25902334	25902359	2.68
chr1	25902359	25902384	5.68
chr1	25902384	25902434	6
chr1	25902434	25902459	6.36
chr1	25902459	25902484	6
chr1	25902484	25902509	7.24
chr1	25902509	25902534	8
chr1	25902534	25902559	6.32
chr1	25902559	25902584	3.32
chr1	25902584	25902634	3
chr1	25902634	25902659	2.2
chr1	25902659	25902684	2
chr1	25902684	25902709	0.76
chr1	25902709	25902734	0.36
chr1	25902734	25902759	1.64
chr1	25902759	25902784	3.16
chr1	25902784	25902809	4.96
chr1	25902809	25902834	5
chr1	25902834	25902859	5.28
chr1	25902859	25902884	8
chr1	25902884	25902909	10
chr1	25902909	25902934	9.64
chr1	25902934	25902959	8.36
chr1	25902959	25902984	6.84
chr1	25902984	25903034	6
chr1	25903034	25903059	5.72
chr1	25903059	25903084	3
chr1	25903084	25903109	1.96
chr1	25903109	25903159	2
chr1	25903159	25903184	2.12
chr1	25903184	25903209	2.6
chr1	25903209	25903234	3.64
chr1	25903234	25903284	4
chr1	25903284	25903309	3.04
chr1	25903309	25903359	3
chr1	25903359	25903384	3.16
chr1	25903384	25903409	2.44
chr1	25903409	25903434	1.36
chr1	25903434	25903559	1
chr1	25903559	25903584	0.72
chr1	25903734	25903759	0.88
chr1	25903759	25903909	1
chr1	25903909	25903934	1.84
chr1	25903934	25903959	1.12
chr1	25903959	25903984	1
chr1	25903984	25904009	1.44
chr1	25904009	25904034	2.08
chr1	25904034	25904109	3
chr1	25904109	25904134	2.16
chr1	25904134	25904159	2.52
chr1	25904159	25904184	4
chr1	25904184	25904209	4.56
chr1	25904209	25904234	3.92
chr1	25904234	25904259	3
chr1	25904259	25904284	3.6
chr1	25904284	25904334	4
chr1	25904334	25904359	3.48
chr1	25904359	25904384	2.84
chr1	25904384	25904459	2
chr1	25904459	25904484	1.4
chr1	25904484	25904534	1
chr1	25904534	25904559	1.6
chr1	25904559	25904584	1.96
chr1	25904584	25904609	2
chr1	25904609	25904634	2.76
chr1	25904634	25904659	3
chr1	25904659	25904684	3.76
chr1	25904684	25904709	5.92
chr1	25904709	25904734	7.8
chr1	25904734	25904759	7.4
chr1	25904759	25904784	6.32
chr1	25904784	25904809	7
chr1	25904809	25904834	7.2
chr1	25904834	25904859	7.96
chr1	25904859	25904884	8.04
chr1	25904884	25904909	7.28
chr1	25904909	25904934	6.2
chr1	25904934	25904959	6.24
chr1	25904959	25904984	7.36
chr1	25904984	25905009	8.72
chr1	25905009	25905034	10.44
chr1	25905034	25905059	11.08
chr1	25905059	25905084	14.16
chr1	25905084	25905109	15.76
chr1	25905109	25905134	17.32
chr1	25905134	25905159	21.08
chr1	25905159	25905184	20.84
chr1	25905184	25905209	21.28
chr1	25905209	25905234	19.04
chr1	25905234	25905259	20.4
chr1	25905259	25905284	17.36
chr1	25905284	25905309	17.76
chr1	25905309	25905334	17.72
chr1	25905334	25905359	15.96
chr1	25905359	25905384	16.08
chr1	25905384	25905409	14.36
chr1	25905409	25905434	14.56
chr1	25905434	25905459	11.56
chr1	25905459	25905484	10.68
chr1	25905484	25905509	7.28
chr1	25905509	25905534	4.96
chr1	25905534	25905559	3.64
chr1	25905559	25905584	2.6
chr1	25905584	25905609	1.64
chr1	25905609	25905634	1
chr1	25905634	25905659	2.08
chr1	25905659	25905684	3.16
chr1	25905684	25905709	7.04
chr1	25905709	25905734	10.6
chr1	25905734	25905759	14.8
chr1	25905759	25905784	21.12
chr1	25905784	25905809	26.28
chr1	25905809	25905834	30.04
chr1	25905834	25905859	34.52
chr1	25905859	25905884	39.28
chr1	25905884	25905909	36.8
chr1	25905909	25905934	34.76
chr1	25905934	25905959	34.28
chr1	25905959	25905984	32.56
chr1	25905984	25906009	29.56
chr1	25906009	25906034	25.96
chr1	25906034	25906059	21.16
chr1	25906059	25906084	16.52
chr1	25906084	25906109	19.16
chr1	25906109	25906134	25.32
chr1	25906134	25906159	23.96
chr1	25906159	25906184	19.32
chr1	25906184	25906209	17.16
chr1	25906209	25906234	18.16
chr1	25906234	25906259	20.88
chr1	25906259	25906284	22.04
chr1	25906284	25906309	19.6
chr1	25906309	25906334	15.52
chr1	25906334	25906359	13.28
chr1	25906359	25906384	14
chr1	25906384	25906409	14.24
chr1	25906409	25906434	14.4
#bedGraph section chr1:25866434-25901859
chr1	25900109	25900134	4.6
chr1	25900134	25900184	3
chr1	25900184	25900209	3.56
chr1	25900209	25900234	4
chr1	25900234	25900259	2.88
chr1	25900259	25900284	2.28
chr1	25900284	25900309	2
chr1	25900309	25900334	2.92
chr1	25900334	25900359	3.84
chr1	25900359	25900384	4
chr1	25900384	25900409	4.28
chr1	25900409	25900434	4
chr1	25900434	25900459	5.76
chr1	25900459	25900484	6
chr1	25900484	25900509	7.44
chr1	25900509	25900534	7.8
chr1	25900534	25900559	7.16
chr1	25900559	25900584	7
chr1	25900584	25900609	6.24
chr1	25900609	25900634	7.56
chr1	25900634	25900684	6.08
chr1	25900684	25900709	6.64
chr1	25900709	25900734	8.96
chr1	25900734	25900784	9
chr1	25900784	25900809	8.92
chr1	25900809	25900834	7.72
chr1	25900834	25900859	8
chr1	25900859	25900884	6.92
chr1	25900884	25900909	4.92
chr1	25900909	25900934	1.32
chr1	25900934	25901009	1
chr1	25901009	25901034	0.72
chr1	25901034	25901059	1.44
chr1	25901059	25901109	3
chr1	25901109	25901134	3.08
chr1	25901134	25901159	4.56
chr1	25901159	25901209	6
chr1	25901209	25901234	6.8
chr1	25901234	25901259	6.56
chr1	25901259	25901309	5
chr1	25901309	25901334	4.92
chr1	25901334	25901359	4.16
chr1	25901359	25901384	5.8
chr1	25901384	25901409	8.84
chr1	25901409	25901434	9.2
chr1	25901434	25901459	8.08
chr1	25901459	25901484	10.76
chr1	25901484	25901509	12
chr1	25901509	25901534	12.84
chr1	25901534	25901559	12.68
chr1	25901559	25901584	10.2
chr1	25901584	25901609	7.16
chr1	25901609	25901634	6
chr1	25901634	25901659	5.96
chr1	25901659	25901684	4.48
chr1	25901684	25901709	4
chr1	25901709	25901734	3.16
chr1	25901734	25901759	2.6
chr1	25901759	25901834	2
chr1	25901834	25901859	1.96
#bedGraph section chr1:25901859-25944159
chr1	25901859	25901884	1.28
chr1	25901884	25901909	1
chr1	25901909	25901934	1.48
chr1	25901934	25902059	2
chr1	25902059	25902084	1.48
chr1	25902084	25902109	1
chr1	25902109	25902134	0.52
chr1	25902234	25902259	0.44
chr1	25902259	25902334	1
chr1	25902334	25902359	2.68
chr1	25902359	25902384	5.68
chr1	25902384	25902434	6
chr1	25902434	25902459	6.36
chr1	25902459	25902484	6
chr1	25902484	25902509	7.24
chr1	25902509	25902534	8
chr1	25902534	25902559	6.32
chr1	25902559	25902584	3.32
chr1	25902584	25902634	3
chr1	25902634	25902659	2.2
chr1	25902659	25902684	2
chr1	25902684	25902709	0.76
chr1	25902709	25902734	0.36
chr1	25902734	25902759	1.64
chr1	25902759	25902784	3.16
chr1	25902784	25902809	4.96
chr1	25902809	25902834	5
chr1	25902834	25902859	5.28
chr1	25902859	25902884	8
chr1	25902884	25902909	10
chr1	25902909	25902934	9.64
chr1	25902934	25902959	8.36
chr1	25902959	25902984	6.84
chr1	25902984	25903034	6
chr1	25903034	25903059	5.72
chr1	25903059	25903084	3
chr1	25903084	25903109	1.96
chr1	25903109	25903159	2
chr1	25903159	25903184	2.12
chr1	25903184	25903209	2.6
chr1	25903209	25903234	3.64
chr1	25903234	25903284	4
chr1	25903284	25903309	3.04
chr1	25903309	25903359	3
chr1	25903359	25903384	3.16
chr1	25903384	25903409	2.44
chr1	25903409	25903434	1.36
chr1	25903434	25903559	1
chr1	25903559	25903584	0.72
chr1	25903734	25903759	0.88
chr1	25903759	25903909	1
chr1	25903909	25903934	1.84
chr1	25903934	25903959	1.12
chr1	25903959	25903984	1
chr1	25903984	25904009	1.44
chr1	25904009	25904034	2.08
chr1	25904034	25904109	3
chr1	25904109	25904134	2.16
chr1	25904134	25904159	2.52
chr1	25904159	25904184	4
chr1	25904184	25904209	4.56
chr1	25904209	25904234	3.92
chr1	25904234	25904259	3
chr1	25904259	25904284	3.6
chr1	25904284	25904334	4
chr1	25904334	25904359	3.48
chr1	25904359	25904384	2.84
chr1	25904384	25904459	2
chr1	25904459	25904484	1.4
chr1	25904484	25904534	1
chr1	25904534	25904559	1.6
chr1	25904559	25904584	1.96
chr1	25904584	25904609	2
chr1	25904609	25904634	2.76
chr1	25904634	25904659	3
chr1	25904659	25904684	3.76
chr1	25904684	25904709	5.92
chr1	25904709	25904734	7.8
chr1	25904734	25904759	7.4
chr1	25904759	25904784	6.32
chr1	25904784	25904809	7
chr1	25904809	25904834	7.2
chr1	25904834	25904859	7.96
chr1	25904859	25904884	8.04
chr1	25904884	25904909	7.28
chr1	25904909	25904934	6.2
chr1	25904934	25904959	6.24
chr1	25904959	25904984	7.36
chr1	25904984	25905009	8.72
chr1	25905009	25905034	10.44
chr1	25905034	25905059	11.08
chr1	25905059	25905084	14.16
chr1	25905084	25905109	15.76
chr1	25905109	25905134	17.32
chr1	25905134	25905159	21.08
chr1	25905159	25905184	20.84
chr1	25905184	25905209	21.28
chr1	25905209	25905234	19.04
chr1	25905234	25905259	20.4
chr1	25905259	25905284	17.36
chr1	25905284	25905309	17.76
chr1	25905309	25905334	17.72
chr1	25905334	25905359	15.96
chr1	25905359	25905384	16.08
chr1	25905384	25905409	14.36
chr1	25905409	25905434	14.56
chr1	25905434	25905459	11.56
chr1	25905459	25905484	10.68
chr1	25905484	25905509	7.28
chr1	25905509	25905534	4.96
chr1	25905534	25905559	3.64
chr1	25905559	25905584	2.6
chr1	25905584	25905609	1.64
chr1	25905609	25905634	1
chr1	25905634	25905659	2.08
chr1	25905659	25905684	3.16
chr1	25905684	25905709	7.04
chr1	25905709	25905734	10.6
chr1	25905734	25905759	14.8
chr1	25905759	25905784	21.12
chr1	25905784	25905809	26.28
chr1	25905809	25905834	30.04
chr1	25905834	25905859	34.52
chr1	25905859	25905884	39.28
chr1	25905884	25905909	36.8
chr1	25905909	25905934	34.76
chr1	25905934	25905959	34.28
chr1	25905959	25905984	32.56
chr1	25905984	25906009	29.56
chr1	25906009	25906034	25.96
chr1	25906034	25906059	21.16
chr1	25906059	25906084	16.52
chr1	25906084	25906109	19.16
chr1	25906109	25906134	25.32
chr1	25906134	25906159	23.96
chr1	25906159	25906184	19.32
chr1	25906184	25906209	17.16
chr1	25906209	25906234	18.16
chr1	25906234	25906259	20.88
chr1	25906259	25906284	22.04
chr1	25906284	25906309	19.6
chr1	25906309	25906334	15.52
chr1	25906334	25906359	13.28
chr1	25906359	25906384	14
chr1	25906384	25906409	14.24
chr1	25906409	25906434	14.4
chr1	25906434	25906459	11.36
chr1	25906459	25906484	10.6
chr1	25906484	25906509	10.56
chr1	25906509	25906534	10.08
chr1	25906534	25906559	10.6
chr1	25906559	25906584	12.68
chr1	25906584	25906609	15.04
chr1	25906609	25906634	18.6
chr1	25906634	25906659	25.48
chr1	25906659	25906684	32.52
chr1	25906684	25906709	33.04
chr1	25906709	25906734	30.72
chr1	25906734	25906759	30.48
chr1	25906759	25906784	30.32
chr1	25906784	25906809	28.84
chr1	25906809	25906834	25.28
chr1	25906834	25906859	20.56
chr1	25906859	25906884	13.72
