track type=wiggle_0 name="H1-hESC" description="H3K4Me3 Mark (Often Found Near Promoters) on H1-hESC Cells from ENCODE"
#bedGraph section chr1:25870609-25926834
chr1	25884184	25884209	1.04
chr1	25884209	25884334	2
chr1	25884334	25884359	1.72
chr1	25884359	25884384	0.04
chr1	25884634	25884659	0.96
chr1	25884659	25884684	1.68
chr1	25884684	25884784	2
chr1	25884784	25884809	1.44
chr1	25884809	25884834	0.72
chr1	25885284	25885309	0.12
chr1	25885309	25885384	1
chr1	25885384	25885409	1.92
chr1	25885409	25885434	2
chr1	25885434	25885484	2.52
chr1	25885484	25885509	3
chr1	25885509	25885534	3.04
chr1	25885534	25885559	3.48
chr1	25885559	25885584	3
chr1	25885584	25885609	2.88
chr1	25885609	25885634	2
chr1	25885634	25885659	1.16
chr1	25885659	25885684	1
chr1	25885684	25885709	0.36
chr1	25886009	25886034	0.96
chr1	25886034	25886059	1.8
chr1	25886059	25886159	2
chr1	25886159	25886184	1.44
chr1	25886184	25886209	0.6
chr1	25886309	25886334	0.16
chr1	25886334	25886359	1.28
chr1	25886359	25886484	2
chr1	25886484	25886509	1.24
chr1	25886509	25886534	0.12
chr1	25886959	25886984	0.64
chr1	25886984	25887109	1
chr1	25887109	25887134	0.76
chr1	25887184	25887209	0.68
chr1	25887209	25887309	1
chr1	25887309	25887334	1.2
chr1	25887334	25887359	1.72
chr1	25887359	25887484	1
chr1	25887484	25887509	0.2
chr1	25887584	25887609	0.88
chr1	25887609	25887734	1
chr1	25887734	25887759	0.52
chr1	25887834	25887859	0.76
chr1	25887859	25887984	1
chr1	25887984	25888009	0.64
chr1	25888134	25888159	0.28
chr1	25888159	25888309	1
chr1	25888309	25888334	0.12
chr1	25888359	25888384	0.56
chr1	25888384	25888409	1.84
chr1	25888409	25888434	2
chr1	25888434	25888459	2.92
chr1	25888459	25888509	3
chr1	25888509	25888534	2.84
chr1	25888534	25888559	1.56
chr1	25888559	25888584	1
chr1	25888584	25888609	0.48
chr1	25888609	25888634	0.76
chr1	25888634	25888759	1
chr1	25888759	25888784	0.64
chr1	25888784	25888809	0.12
chr1	25888809	25888859	1
chr1	25888859	25888884	2.28
chr1	25888884	25888934	4
chr1	25888934	25888959	4.6
chr1	25888959	25888984	4.28
chr1	25888984	25889009	4
chr1	25889009	25889034	3.72
chr1	25889034	25889059	1.2
chr1	25889059	25889084	1
chr1	25889084	25889109	0.8
chr1	25889284	25889309	0.8
chr1	25889309	25889409	2
chr1	25889409	25889459	2.6
chr1	25889459	25889484	1.96
chr1	25889484	25889509	2
chr1	25889509	25889534	2.84
chr1	25889534	25889559	3.88
chr1	25889559	25889584	4.96
chr1	25889584	25889609	5
chr1	25889609	25889634	5.24
chr1	25889634	25889659	5.32
chr1	25889659	25889684	5.56
chr1	25889684	25889709	4.92
chr1	25889709	25889734	3.64
chr1	25889734	25889759	4.24
chr1	25889759	25889784	4
chr1	25889784	25889809	3.08
chr1	25889809	25889834	3.76
chr1	25889834	25889859	4
chr1	25889859	25889884	4.8
chr1	25889884	25889909	3.24
chr1	25889909	25889934	3
chr1	25889934	25889959	5
chr1	25889959	25889984	4.04
chr1	25889984	25890009	3
chr1	25890009	25890034	2.52
chr1	25890034	25890059	2
chr1	25890059	25890084	3.52
chr1	25890084	25890109	2.8
chr1	25890109	25890159	2
chr1	25890159	25890184	2.6
chr1	25890184	25890209	3
chr1	25890209	25890234	2.92
chr1	25890234	25890309	2
chr1	25890309	25890334	1.8
chr1	25890334	25890359	1
chr1	25890359	25890384	0.76
chr1	25890509	25890534	0.68
chr1	25890534	25890559	1
chr1	25890559	25890584	1.4
chr1	25890584	25890609	2
chr1	25890609	25890634	2.72
chr1	25890634	25890659	3
chr1	25890659	25890684	2.96
chr1	25890684	25890709	3
chr1	25890709	25890734	3.2
chr1	25890734	25890759	3.84
chr1	25890759	25890784	3.68
chr1	25890784	25890809	3
chr1	25890809	25890834	4.48
chr1	25890834	25890859	4.16
chr1	25890859	25890884	4
chr1	25890884	25890909	2.76
chr1	25890909	25890959	2
chr1	25890959	25890984	1.32
chr1	25891334	25891359	0.88
chr1	25891359	25891484	1
chr1	25891484	25891509	0.52
chr1	25891559	25891584	0.44
chr1	25891584	25891709	1
chr1	25891709	25891734	0.96
chr1	25891759	25891784	0.16
chr1	25891784	25891859	1
chr1	25891859	25891884	1.08
chr1	25891884	25891934	3
chr1	25891934	25891959	2.92
chr1	25891959	25892034	3
chr1	25892034	25892059	1.72
chr1	25892059	25892084	1
chr1	25892084	25892109	0.72
chr1	25892209	25892234	0.28
chr1	25892234	25892334	1
chr1	25892334	25892384	2
chr1	25892384	25892434	1.12
chr1	25892434	25892484	2
chr1	25892484	25892509	1.4
chr1	25892509	25892559	1
chr1	25892559	25892584	1.6
chr1	25892584	25892609	1.28
chr1	25892609	25892634	1.96
chr1	25892634	25892659	3
chr1	25892659	25892684	4.76
chr1	25892684	25892709	6.52
chr1	25892709	25892734	7.08
chr1	25892734	25892759	7.48
chr1	25892759	25892784	7.56
chr1	25892784	25892809	7.84
chr1	25892809	25892834	7.68
chr1	25892834	25892859	5.96
chr1	25892859	25892909	5.04
chr1	25892909	25892934	4
chr1	25892934	25892959	3.24
chr1	25892959	25892984	2
chr1	25892984	25893009	1.08
chr1	25893009	25893034	1.24
chr1	25893034	25893059	1.36
chr1	25893059	25893109	1
chr1	25893109	25893134	1.4
chr1	25893134	25893184	3
chr1	25893184	25893209	2.16
chr1	25893209	25893284	2
chr1	25893284	25893309	1.68
chr1	25893309	25893359	2
chr1	25893359	25893384	2.56
chr1	25893384	25893434	4
chr1	25893434	25893459	3.92
chr1	25893459	25893534	3
chr1	25893534	25893559	1.24
chr1	25893559	25893609	1
chr1	25893684	25893709	0.4
chr1	25893709	25893734	1
chr1	25893734	25893759	1.48
chr1	25893759	25893859	2
chr1	25893859	25893884	1
chr1	25893884	25893909	0.92
chr1	25894059	25894084	0.8
chr1	25894084	25894109	1.56
chr1	25894109	25894184	2
chr1	25894184	25894209	2.36
chr1	25894209	25894234	2.6
chr1	25894234	25894259	1.84
chr1	25894259	25894359	1
chr1	25894359	25894384	0.04
chr1	25894409	25894434	0.96
chr1	25894434	25894559	1
chr1	25894559	25894584	0.44
chr1	25894809	25894834	0.64
chr1	25894834	25894859	1
chr1	25894859	25894884	1.4
chr1	25894884	25894959	2
chr1	25894959	25894984	1.76
chr1	25894984	25895034	1
chr1	25895484	25895509	0.6
chr1	25895509	25895559	1
chr1	25895559	25895584	1.36
chr1	25895584	25895634	2
chr1	25895634	25895659	2.32
chr1	25895659	25895684	3.08
chr1	25895684	25895734	4
chr1	25895734	25895759	3.76
chr1	25895759	25895784	4
chr1	25895784	25895809	3.88
chr1	25895809	25895834	2.52
chr1	25895834	25895859	1.2
chr1	25895859	25895884	1
chr1	25895884	25895909	0.68
chr1	25895909	25895934	0.52
chr1	25895934	25895959	1.44
chr1	25895959	25896059	2
chr1	25896059	25896084	1.88
chr1	25896084	25896109	1.36
chr1	25896109	25896259	1
chr1	25896259	25896284	0.96
chr1	25896284	25896409	1
chr1	25896409	25896434	0.44
chr1	25897359	25897384	0.68
chr1	25897384	25897509	1
chr1	25897509	25897534	0.72
chr1	25897559	25897584	0.36
chr1	25897584	25897634	1
chr1	25897634	25897659	1.84
chr1	25897659	25897709	2
chr1	25897709	25897734	2.48
chr1	25897734	25897759	2.04
chr1	25897759	25897784	2
chr1	25897784	25897809	1.56
chr1	25897809	25897834	1
chr1	25897834	25897859	1.12
chr1	25897859	25897884	1.92
chr1	25897884	25897909	1
chr1	25897909	25897934	1.52
chr1	25897934	25898009	2
chr1	25898009	25898034	1.28
chr1	25898034	25898059	1
chr1	25898059	25898084	0.88
chr1	25898559	25898584	0.44
chr1	25898584	25898634	1
chr1	25898634	25898659	1.32
chr1	25898659	25898709	2
chr1	25898709	25898734	1.96
chr1	25898734	25898809	1
chr1	25898809	25898834	0.08
chr1	25899059	25899084	0.72
chr1	25899084	25899109	1.68
chr1	25899109	25899209	2
chr1	25899209	25899234	1.68
chr1	25899234	25899259	0.72
chr1	25899334	25899359	0.28
chr1	25899359	25899509	1
chr1	25899509	25899534	0.12
chr1	25899659	25899684	0.56
chr1	25899684	25899734	1
chr1	25899734	25899759	1.48
chr1	25899759	25899784	3.12
chr1	25899784	25899809	4
chr1	25899809	25899834	3.84
chr1	25899834	25899859	3
chr1	25899859	25899884	3.52
chr1	25899884	25899909	3.92
chr1	25899909	25899934	4.6
chr1	25899934	25900009	3
chr1	25900009	25900034	2.88
chr1	25900034	25900059	2
chr1	25900059	25900084	0.88
chr1	25900259	25900284	0.16
chr1	25900284	25900309	1.92
chr1	25900309	25900434	2
chr1	25900434	25900459	0.72
chr1	25900459	25900484	0.96
chr1	25900484	25900609	1
chr1	25900609	25900634	0.44
chr1	25900784	25900809	0.56
chr1	25900809	25900834	1.08
chr1	25900834	25900934	2
chr1	25900934	25900959	1.84
chr1	25900959	25900984	1
chr1	25900984	25901009	0.32
chr1	25901084	25901109	0.12
chr1	25901109	25901259	1
chr1	25901259	25901284	0.28
chr1	25901309	25901334	0.84
chr1	25901334	25901359	1.52
chr1	25901359	25901384	2.36
chr1	25901384	25901459	3
chr1	25901459	25901484	2.6
chr1	25901484	25901509	2.88
chr1	25901509	25901534	2
chr1	25901534	25901559	1.04
chr1	25901559	25901634	1
chr1	25901634	25901659	0.36
chr1	25901859	25901884	0.8
chr1	25901884	25902009	1
chr1	25902009	25902034	0.6
chr1	25902509	25902534	0.56
chr1	25902534	25902659	1
chr1	25902659	25902684	1.28
chr1	25902684	25902709	1.64
chr1	25902709	25902809	2
chr1	25902809	25902834	1.96
chr1	25902834	25902859	0.76
chr1	25903059	25903084	0.32
chr1	25903084	25903109	1.12
chr1	25903109	25903159	2
chr1	25903159	25903184	2.4
chr1	25903184	25903209	3
chr1	25903209	25903234	3.68
chr1	25903234	25903259	3.08
chr1	25903259	25903284	2.28
chr1	25903284	25903334	2
chr1	25903334	25903359	1
chr1	25903359	25903384	0.72
chr1	25903459	25903484	0.6
chr1	25903484	25903534	1
chr1	25903534	25903559	1.28
chr1	25903559	25903609	2
chr1	25903609	25903634	3.32
chr1	25903634	25903659	3.2
chr1	25903659	25903684	4
chr1	25903684	25903709	4.2
chr1	25903709	25903734	4.36
chr1	25903734	25903759	5
chr1	25903759	25903784	4.28
chr1	25903784	25903809	3
chr1	25903809	25903884	2.2
chr1	25903884	25903909	1.16
chr1	25903909	25903984	1
chr1	25903984	25904009	1.2
chr1	25904009	25904034	2
chr1	25904034	25904109	3
chr1	25904109	25904134	3.56
chr1	25904134	25904159	4
chr1	25904159	25904184	3.28
chr1	25904184	25904209	2.28
chr1	25904209	25904234	2.72
chr1	25904234	25904259	3
chr1	25904259	25904284	2.84
chr1	25904284	25904309	2
chr1	25904309	25904334	2.92
chr1	25904334	25904359	2.96
chr1	25904359	25904384	6.88
chr1	25904384	25904409	8.24
chr1	25904409	25904434	9.28
chr1	25904434	25904459	10.64
chr1	25904459	25904484	10.68
chr1	25904484	25904509	14.36
chr1	25904509	25904534	12.16
chr1	25904534	25904559	9.84
chr1	25904559	25904584	11.32
chr1	25904584	25904609	13.08
chr1	25904609	25904634	15.36
chr1	25904634	25904659	15.64
chr1	25904659	25904684	14.88
chr1	25904684	25904709	19
chr1	25904709	25904734	17.8
chr1	25904734	25904759	18.48
chr1	25904759	25904784	16.6
chr1	25904784	25904809	15.28
chr1	25904809	25904834	14.4
chr1	25904834	25904859	10.96
chr1	25904859	25904884	12.08
chr1	25904884	25904909	11.8
chr1	25904909	25904934	12.32
chr1	25904934	25904959	16
chr1	25904959	25904984	15.76
chr1	25904984	25905009	18.32
chr1	25905009	25905034	19.2
chr1	25905034	25905059	22.32
chr1	25905059	25905084	23.28
chr1	25905084	25905109	27.84
chr1	25905109	25905134	37.16
chr1	25905134	25905159	46.4
chr1	25905159	25905184	54.52
chr1	25905184	25905209	62.36
chr1	25905209	25905234	66.76
chr1	25905234	25905259	66.68
chr1	25905259	25905284	60.28
chr1	25905284	25905309	62.28
chr1	25905309	25905334	63.44
chr1	25905334	25905359	57.76
chr1	25905359	25905384	53.84
chr1	25905384	25905409	49.2
chr1	25905409	25905434	46.16
chr1	25905434	25905459	38.8
chr1	25905459	25905484	21.76
chr1	25905484	25905509	14.96
chr1	25905509	25905534	9.32
chr1	25905534	25905559	3.92
chr1	25905559	25905584	2.48
chr1	25905584	25905609	2.24
chr1	25905609	25905634	2.08
chr1	25905634	25905659	5.52
chr1	25905659	25905684	8.48
chr1	25905684	25905709	9
chr1	25905709	25905734	10.72
chr1	25905734	25905759	16.04
chr1	25905759	25905784	21
chr1	25905784	25905809	27.92
chr1	25905809	25905834	30.08
chr1	25905834	25905859	31.84
chr1	25905859	25905884	38.48
chr1	25905884	25905909	38.56
chr1	25905909	25905934	35.4
chr1	25905934	25905959	28.52
chr1	25905959	25905984	22.04
chr1	25905984	25906009	21.68
chr1	25906009	25906034	17.96
chr1	25906034	25906059	14.84
chr1	25906059	25906084	14.96
chr1	25906084	25906109	19.92
chr1	25906109	25906134	22.36
chr1	25906134	25906159	20.28
chr1	25906159	25906184	20.24
chr1	25906184	25906209	17.68
chr1	25906209	25906234	14.48
chr1	25906234	25906259	11.72
chr1	25906259	25906284	7.6
chr1	25906284	25906309	7
chr1	25906309	25906334	5.4
chr1	25906334	25906359	5
chr1	25906359	25906384	4.44
chr1	25906384	25906409	4.16
chr1	25906409	25906434	3.56
#bedGraph section chr1:25870609-25926834
chr1	25900259	25900284	0.16
chr1	25900284	25900309	1.92
chr1	25900309	25900434	2
chr1	25900434	25900459	0.72
chr1	25900459	25900484	0.96
chr1	25900484	25900609	1
chr1	25900609	25900634	0.44
chr1	25900784	25900809	0.56
chr1	25900809	25900834	1.08
chr1	25900834	25900934	2
chr1	25900934	25900959	1.84
chr1	25900959	25900984	1
chr1	25900984	25901009	0.32
chr1	25901084	25901109	0.12
chr1	25901109	25901259	1
chr1	25901259	25901284	0.28
chr1	25901309	25901334	0.84
chr1	25901334	25901359	1.52
chr1	25901359	25901384	2.36
chr1	25901384	25901459	3
chr1	25901459	25901484	2.6
chr1	25901484	25901509	2.88
chr1	25901509	25901534	2
chr1	25901534	25901559	1.04
chr1	25901559	25901634	1
chr1	25901634	25901659	0.36
chr1	25901859	25901884	0.8
chr1	25901884	25902009	1
chr1	25902009	25902034	0.6
chr1	25902509	25902534	0.56
chr1	25902534	25902659	1
chr1	25902659	25902684	1.28
chr1	25902684	25902709	1.64
chr1	25902709	25902809	2
chr1	25902809	25902834	1.96
chr1	25902834	25902859	0.76
chr1	25903059	25903084	0.32
chr1	25903084	25903109	1.12
chr1	25903109	25903159	2
chr1	25903159	25903184	2.4
chr1	25903184	25903209	3
chr1	25903209	25903234	3.68
chr1	25903234	25903259	3.08
chr1	25903259	25903284	2.28
chr1	25903284	25903334	2
chr1	25903334	25903359	1
chr1	25903359	25903384	0.72
chr1	25903459	25903484	0.6
chr1	25903484	25903534	1
chr1	25903534	25903559	1.28
chr1	25903559	25903609	2
chr1	25903609	25903634	3.32
chr1	25903634	25903659	3.2
chr1	25903659	25903684	4
chr1	25903684	25903709	4.2
chr1	25903709	25903734	4.36
chr1	25903734	25903759	5
chr1	25903759	25903784	4.28
chr1	25903784	25903809	3
chr1	25903809	25903884	2.2
chr1	25903884	25903909	1.16
chr1	25903909	25903984	1
chr1	25903984	25904009	1.2
chr1	25904009	25904034	2
chr1	25904034	25904109	3
chr1	25904109	25904134	3.56
chr1	25904134	25904159	4
chr1	25904159	25904184	3.28
chr1	25904184	25904209	2.28
chr1	25904209	25904234	2.72
chr1	25904234	25904259	3
chr1	25904259	25904284	2.84
chr1	25904284	25904309	2
chr1	25904309	25904334	2.92
chr1	25904334	25904359	2.96
chr1	25904359	25904384	6.88
chr1	25904384	25904409	8.24
chr1	25904409	25904434	9.28
chr1	25904434	25904459	10.64
chr1	25904459	25904484	10.68
chr1	25904484	25904509	14.36
chr1	25904509	25904534	12.16
chr1	25904534	25904559	9.84
chr1	25904559	25904584	11.32
chr1	25904584	25904609	13.08
chr1	25904609	25904634	15.36
chr1	25904634	25904659	15.64
chr1	25904659	25904684	14.88
chr1	25904684	25904709	19
chr1	25904709	25904734	17.8
chr1	25904734	25904759	18.48
chr1	25904759	25904784	16.6
chr1	25904784	25904809	15.28
chr1	25904809	25904834	14.4
chr1	25904834	25904859	10.96
chr1	25904859	25904884	12.08
chr1	25904884	25904909	11.8
chr1	25904909	25904934	12.32
chr1	25904934	25904959	16
chr1	25904959	25904984	15.76
chr1	25904984	25905009	18.32
chr1	25905009	25905034	19.2
chr1	25905034	25905059	22.32
chr1	25905059	25905084	23.28
chr1	25905084	25905109	27.84
chr1	25905109	25905134	37.16
chr1	25905134	25905159	46.4
chr1	25905159	25905184	54.52
chr1	25905184	25905209	62.36
chr1	25905209	25905234	66.76
chr1	25905234	25905259	66.68
chr1	25905259	25905284	60.28
chr1	25905284	25905309	62.28
chr1	25905309	25905334	63.44
chr1	25905334	25905359	57.76
chr1	25905359	25905384	53.84
chr1	25905384	25905409	49.2
chr1	25905409	25905434	46.16
chr1	25905434	25905459	38.8
chr1	25905459	25905484	21.76
chr1	25905484	25905509	14.96
chr1	25905509	25905534	9.32
chr1	25905534	25905559	3.92
chr1	25905559	25905584	2.48
chr1	25905584	25905609	2.24
chr1	25905609	25905634	2.08
chr1	25905634	25905659	5.52
chr1	25905659	25905684	8.48
chr1	25905684	25905709	9
chr1	25905709	25905734	10.72
chr1	25905734	25905759	16.04
chr1	25905759	25905784	21
chr1	25905784	25905809	27.92
chr1	25905809	25905834	30.08
chr1	25905834	25905859	31.84
chr1	25905859	25905884	38.48
chr1	25905884	25905909	38.56
chr1	25905909	25905934	35.4
chr1	25905934	25905959	28.52
chr1	25905959	25905984	22.04
chr1	25905984	25906009	21.68
chr1	25906009	25906034	17.96
chr1	25906034	25906059	14.84
chr1	25906059	25906084	14.96
chr1	25906084	25906109	19.92
chr1	25906109	25906134	22.36
chr1	25906134	25906159	20.28
chr1	25906159	25906184	20.24
chr1	25906184	25906209	17.68
chr1	25906209	25906234	14.48
chr1	25906234	25906259	11.72
chr1	25906259	25906284	7.6
chr1	25906284	25906309	7
chr1	25906309	25906334	5.4
chr1	25906334	25906359	5
chr1	25906359	25906384	4.44
chr1	25906384	25906409	4.16
chr1	25906409	25906434	3.56
chr1	25906434	25906459	1.8
chr1	25906459	25906509	1
chr1	25906509	25906534	1.24
chr1	25906534	25906559	1.84
chr1	25906559	25906584	4.24
chr1	25906584	25906609	8.24
chr1	25906609	25906634	11.6
chr1	25906634	25906659	16.04
chr1	25906659	25906684	18.36
chr1	25906684	25906709	18.08
chr1	25906709	25906734	16.64
chr1	25906734	25906759	15.24
chr1	25906759	25906784	14.28
chr1	25906784	25906809	12.44
chr1	25906809	25906834	11.04
chr1	25906834	25906859	11.44
chr1	25906859	25906884	12.48
