track type=wiggle_0 name="H1-hESC" description="H3K4Me1 Mark (Often Found Near Regulatory Elements) on H1-hESC Cells from ENCODE"
#bedGraph section chr1:25880184-25922659
chr1	25884534	25884559	0.08
chr1	25884559	25884584	2
chr1	25884584	25884609	2.88
chr1	25884609	25884734	3
chr1	25884734	25884759	2.92
chr1	25884759	25884784	1
chr1	25884784	25884809	0.12
chr1	25884934	25884959	0.24
chr1	25884959	25885134	2
chr1	25885134	25885159	2.72
chr1	25885159	25885309	1
chr1	25885309	25885334	1.12
chr1	25885334	25885359	1.04
chr1	25885359	25885459	1
chr1	25885459	25885484	1.04
chr1	25885484	25885509	2
chr1	25885509	25885534	2.6
chr1	25885534	25885634	2
chr1	25885634	25885659	2.28
chr1	25885659	25885684	4.24
chr1	25885684	25885709	4
chr1	25885709	25885734	3.28
chr1	25885734	25885834	3
chr1	25885834	25885859	2.72
chr1	25885859	25885884	0.72
chr1	25886234	25886259	0.84
chr1	25886259	25886359	3
chr1	25886359	25886384	3.28
chr1	25886384	25886434	4
chr1	25886434	25886459	3.16
chr1	25886459	25886559	1
chr1	25886559	25886584	0.72
chr1	25886784	25886809	0.56
chr1	25886809	25886984	1
chr1	25886984	25887009	0.44
chr1	25887134	25887159	0.56
chr1	25887159	25887209	1
chr1	25887209	25887284	2
chr1	25887284	25887309	2.32
chr1	25887309	25887334	4
chr1	25887334	25887359	4.44
chr1	25887359	25887409	4
chr1	25887409	25887459	3
chr1	25887459	25887484	3.96
chr1	25887484	25887509	3.68
chr1	25887509	25887534	2
chr1	25887534	25887659	1
chr1	25887659	25887684	0.04
chr1	25888084	25888109	0.4
chr1	25888109	25888134	1
chr1	25888134	25888159	1.64
chr1	25888159	25888209	2
chr1	25888209	25888234	2.56
chr1	25888234	25888284	3
chr1	25888284	25888309	3.56
chr1	25888309	25888334	4
chr1	25888334	25888359	3.36
chr1	25888359	25888384	3.56
chr1	25888384	25888409	4
chr1	25888409	25888434	3.44
chr1	25888434	25888484	3
chr1	25888484	25888509	2.04
chr1	25888509	25888534	1.12
chr1	25888534	25888559	2
chr1	25888559	25888584	1.48
chr1	25888584	25888609	2.12
chr1	25888609	25888634	3.12
chr1	25888634	25888659	4
chr1	25888659	25888684	4.44
chr1	25888684	25888709	5
chr1	25888709	25888734	5.64
chr1	25888734	25888759	6
chr1	25888759	25888784	5.96
chr1	25888784	25888809	4.88
chr1	25888809	25888834	3.88
chr1	25888834	25888859	3
chr1	25888859	25888884	2.56
chr1	25888884	25888909	2
chr1	25888909	25888934	1.24
chr1	25888984	25889009	0.68
chr1	25889009	25889034	1.32
chr1	25889034	25889109	3
chr1	25889109	25889134	3.72
chr1	25889134	25889159	4.2
chr1	25889159	25889184	5
chr1	25889184	25889209	4.4
chr1	25889209	25889234	4.68
chr1	25889234	25889309	3
chr1	25889309	25889334	2.28
chr1	25889334	25889359	3.48
chr1	25889359	25889384	3
chr1	25889384	25889409	2.92
chr1	25889409	25889434	2
chr1	25889434	25889459	2.56
chr1	25889459	25889484	3.52
chr1	25889484	25889509	4
chr1	25889509	25889534	4.8
chr1	25889534	25889559	4.32
chr1	25889559	25889584	4.48
chr1	25889584	25889609	5
chr1	25889609	25889634	5.08
chr1	25889634	25889659	6.32
chr1	25889659	25889684	6.12
chr1	25889684	25889709	6
chr1	25889709	25889734	5.2
chr1	25889734	25889759	4.52
chr1	25889759	25889784	8.28
chr1	25889784	25889809	9.6
chr1	25889809	25889834	10.92
chr1	25889834	25889859	9.12
chr1	25889859	25889884	8.36
chr1	25889884	25889909	8
chr1	25889909	25889934	9.96
chr1	25889934	25889959	10.92
chr1	25889959	25889984	7.24
chr1	25889984	25890009	5.4
chr1	25890009	25890034	4.84
chr1	25890034	25890059	7
chr1	25890059	25890084	7.36
chr1	25890084	25890109	8
chr1	25890109	25890134	7.76
chr1	25890134	25890159	7.56
chr1	25890159	25890184	7.76
chr1	25890184	25890209	9
chr1	25890209	25890234	9.68
chr1	25890234	25890259	8
chr1	25890259	25890284	9.76
chr1	25890284	25890309	10
chr1	25890309	25890334	8.28
chr1	25890334	25890359	8.16
chr1	25890359	25890384	9.96
chr1	25890384	25890409	9.92
chr1	25890409	25890434	8.48
chr1	25890434	25890459	8.28
chr1	25890459	25890484	7.24
chr1	25890484	25890534	7
chr1	25890534	25890559	5.96
chr1	25890559	25890584	4.76
chr1	25890584	25890609	4.08
chr1	25890609	25890634	4.68
chr1	25890634	25890659	6.48
chr1	25890659	25890684	8.04
chr1	25890684	25890709	9.56
chr1	25890709	25890734	10.72
chr1	25890734	25890784	10.88
chr1	25890784	25890809	12
chr1	25890809	25890834	11.32
chr1	25890834	25890859	10.08
chr1	25890859	25890884	8
chr1	25890884	25890909	6.44
chr1	25890909	25890934	5.56
chr1	25890934	25890959	6
chr1	25890959	25890984	4.64
chr1	25890984	25891009	3
chr1	25891009	25891034	3.48
chr1	25891034	25891059	4.88
chr1	25891059	25891084	5.6
chr1	25891084	25891109	5.28
chr1	25891109	25891134	5.72
chr1	25891134	25891209	5
chr1	25891209	25891234	4.52
chr1	25891234	25891259	2.28
chr1	25891259	25891284	1
chr1	25891284	25891309	0.72
chr1	25891334	25891359	1.08
chr1	25891359	25891384	3
chr1	25891384	25891409	5.12
chr1	25891409	25891434	7.12
chr1	25891434	25891459	8.88
chr1	25891459	25891484	10
chr1	25891484	25891509	11.52
chr1	25891509	25891534	12.92
chr1	25891534	25891559	11.92
chr1	25891559	25891584	10.52
chr1	25891584	25891609	9.48
chr1	25891609	25891634	8.4
chr1	25891634	25891659	7.64
chr1	25891659	25891684	8.12
chr1	25891684	25891709	9.48
chr1	25891709	25891734	11.36
chr1	25891734	25891759	15.24
chr1	25891759	25891784	22.56
chr1	25891784	25891809	24.92
chr1	25891809	25891834	26.12
chr1	25891834	25891859	25.48
chr1	25891859	25891884	27.32
chr1	25891884	25891909	27.92
chr1	25891909	25891934	24.72
chr1	25891934	25891959	20.76
chr1	25891959	25891984	12.92
chr1	25891984	25892009	9.48
chr1	25892009	25892034	7.36
chr1	25892034	25892059	7
chr1	25892059	25892084	4.76
chr1	25892084	25892109	2.08
chr1	25892109	25892134	2
chr1	25892134	25892159	2.4
chr1	25892159	25892184	3
chr1	25892184	25892209	3.92
chr1	25892209	25892234	4
chr1	25892234	25892259	5.68
chr1	25892259	25892284	4.8
chr1	25892284	25892334	4
chr1	25892334	25892359	3.6
chr1	25892359	25892384	3
chr1	25892384	25892409	2.08
chr1	25892409	25892434	2
chr1	25892434	25892459	1.16
chr1	25892459	25892484	3.28
chr1	25892484	25892509	4
chr1	25892509	25892534	4.16
chr1	25892534	25892559	5.76
chr1	25892559	25892584	6.52
chr1	25892584	25892609	9.64
chr1	25892609	25892634	12.04
chr1	25892634	25892659	12.56
chr1	25892659	25892684	11.2
chr1	25892684	25892709	15.32
chr1	25892709	25892734	19.96
chr1	25892734	25892759	19.88
chr1	25892759	25892784	19.96
chr1	25892784	25892809	20.36
chr1	25892809	25892834	18.96
chr1	25892834	25892859	17.6
chr1	25892859	25892884	16.52
chr1	25892884	25892909	11.68
chr1	25892909	25892934	7.36
chr1	25892934	25892959	6.36
chr1	25892959	25892984	5.52
chr1	25892984	25893009	2
chr1	25893009	25893084	1
chr1	25893084	25893109	1.04
chr1	25893109	25893134	2.44
chr1	25893134	25893159	2.28
chr1	25893159	25893184	3.2
chr1	25893184	25893209	4.84
chr1	25893209	25893234	8.16
chr1	25893234	25893259	10.8
chr1	25893259	25893284	11.88
chr1	25893284	25893309	14.68
chr1	25893309	25893334	16.52
chr1	25893334	25893359	17.96
chr1	25893359	25893384	19.36
chr1	25893384	25893409	18.44
chr1	25893409	25893434	17.12
chr1	25893434	25893459	15.2
chr1	25893459	25893484	14.12
chr1	25893484	25893509	11.28
chr1	25893509	25893534	7.56
chr1	25893534	25893559	5.76
chr1	25893559	25893584	4.52
chr1	25893584	25893609	4.72
chr1	25893609	25893634	2.72
chr1	25893634	25893659	2
chr1	25893659	25893684	3.6
chr1	25893684	25893734	4
chr1	25893734	25893759	4.76
chr1	25893759	25893784	3.92
chr1	25893784	25893809	3.88
chr1	25893809	25893859	4
chr1	25893859	25893884	2.4
chr1	25893884	25893934	2
chr1	25893934	25893959	1.76
chr1	25893959	25893984	2.84
chr1	25893984	25894009	2.12
chr1	25894009	25894034	3.84
chr1	25894034	25894059	4.24
chr1	25894059	25894084	5.52
chr1	25894084	25894109	6
chr1	25894109	25894134	6.2
chr1	25894134	25894159	6.48
chr1	25894159	25894184	5.16
chr1	25894184	25894209	5
chr1	25894209	25894234	3.16
chr1	25894234	25894259	2.76
chr1	25894259	25894284	1.48
chr1	25894284	25894309	1
chr1	25894309	25894334	0.8
chr1	25894334	25894359	0.12
chr1	25894359	25894534	1
chr1	25894534	25894559	0.88
chr1	25894584	25894609	0.44
chr1	25894609	25894784	1
chr1	25894784	25894809	0.56
chr1	25894859	25894884	0.48
chr1	25894884	25894909	2.28
chr1	25894909	25894934	3.56
chr1	25894934	25894959	4.16
chr1	25894959	25895034	5
chr1	25895034	25895059	6
chr1	25895059	25895084	6.52
chr1	25895084	25895109	4.72
chr1	25895109	25895134	3.44
chr1	25895134	25895159	2.84
chr1	25895159	25895209	2
chr1	25895209	25895234	3.56
chr1	25895234	25895259	7.68
chr1	25895259	25895409	7
chr1	25895409	25895434	5.44
chr1	25895434	25895459	0.32
chr1	25895559	25895584	0.72
chr1	25895584	25895609	1
chr1	25895609	25895634	2.68
chr1	25895634	25895659	5.08
chr1	25895659	25895684	7.72
chr1	25895684	25895709	11
chr1	25895709	25895734	11.08
chr1	25895734	25895759	12.28
chr1	25895759	25895784	12.32
chr1	25895784	25895809	13.96
chr1	25895809	25895834	13.16
chr1	25895834	25895859	11.8
chr1	25895859	25895884	11.24
chr1	25895884	25895909	8
chr1	25895909	25895934	7.92
chr1	25895934	25895959	7.88
chr1	25895959	25895984	7.96
chr1	25895984	25896009	6.2
chr1	25896009	25896034	7.16
chr1	25896034	25896059	6.12
chr1	25896059	25896084	4.6
chr1	25896084	25896109	5.84
chr1	25896109	25896134	6.56
chr1	25896134	25896159	6.84
chr1	25896159	25896184	6
chr1	25896184	25896209	5.84
chr1	25896209	25896234	4
chr1	25896234	25896259	4.52
chr1	25896259	25896284	4.44
chr1	25896284	25896309	3.16
chr1	25896309	25896334	3.44
chr1	25896334	25896359	3.84
chr1	25896359	25896409	4
chr1	25896409	25896434	4.64
chr1	25896434	25896459	6.04
chr1	25896459	25896484	6.24
chr1	25896484	25896509	7.24
chr1	25896509	25896534	7
chr1	25896534	25896559	5.16
chr1	25896559	25896609	5
chr1	25896609	25896634	5.32
chr1	25896634	25896659	4.24
chr1	25896659	25896684	4.08
chr1	25896684	25896709	3.76
chr1	25896709	25896734	3.4
chr1	25896734	25896759	4.56
chr1	25896759	25896809	5
chr1	25896809	25896834	5.16
chr1	25896834	25896859	5.2
chr1	25896859	25896884	4.68
chr1	25896884	25896909	4
chr1	25896909	25896934	3.6
chr1	25896934	25896959	2.44
chr1	25896959	25897009	2
chr1	25897009	25897034	0.88
chr1	25897234	25897259	0.68
chr1	25897259	25897409	1
chr1	25897409	25897434	2.2
chr1	25897434	25897459	2.96
chr1	25897459	25897559	4
chr1	25897559	25897584	5.8
chr1	25897584	25897609	7.36
chr1	25897609	25897634	7.28
chr1	25897634	25897659	8.36
chr1	25897659	25897709	7
chr1	25897709	25897734	7.76
chr1	25897734	25897759	9
chr1	25897759	25897784	7.2
chr1	25897784	25897809	6.2
chr1	25897809	25897834	5.52
chr1	25897834	25897859	3
chr1	25897859	25897884	5.56
chr1	25897884	25897909	7.96
chr1	25897909	25897934	8.72
chr1	25897934	25897984	8
chr1	25897984	25898009	7.44
chr1	25898009	25898034	7.72
chr1	25898034	25898059	8
chr1	25898059	25898084	5.44
chr1	25898084	25898109	3.08
chr1	25898109	25898134	2.52
chr1	25898134	25898209	2
chr1	25898209	25898234	1.28
chr1	25898234	25898259	1
chr1	25898259	25898284	3.2
chr1	25898284	25898309	3.96
chr1	25898309	25898434	3
chr1	25898434	25898459	5.08
chr1	25898459	25898484	4.56
chr1	25898484	25898509	4
chr1	25898509	25898534	4.08
chr1	25898534	25898584	5
chr1	25898584	25898609	5.56
chr1	25898609	25898634	7
chr1	25898634	25898659	5.24
chr1	25898659	25898684	5.12
chr1	25898684	25898709	7
chr1	25898709	25898734	7.8
chr1	25898734	25898784	7
chr1	25898784	25898809	7.64
chr1	25898809	25898834	7
chr1	25898834	25898859	6.68
chr1	25898859	25898884	5.12
chr1	25898884	25898909	3
chr1	25898909	25898934	2.12
chr1	25898934	25898959	2
chr1	25898959	25898984	2.12
chr1	25898984	25899009	1.8
chr1	25899009	25899109	1
chr1	25899109	25899134	1.8
chr1	25899134	25899159	4
chr1	25899159	25899184	3.88
chr1	25899184	25899234	3
chr1	25899234	25899259	4.28
chr1	25899259	25899284	5.36
chr1	25899284	25899309	6
chr1	25899309	25899334	5.32
chr1	25899334	25899359	4
chr1	25899359	25899384	4.8
chr1	25899384	25899434	5
chr1	25899434	25899459	3.72
chr1	25899459	25899484	2.64
chr1	25899484	25899534	2.88
chr1	25899534	25899559	2
chr1	25899559	25899584	1.2
chr1	25899584	25899609	1
chr1	25899609	25899634	2
chr1	25899634	25899659	2.6
chr1	25899659	25899684	3
chr1	25899684	25899709	2.36
chr1	25899709	25899784	3
chr1	25899784	25899809	3.48
chr1	25899809	25899834	3
chr1	25899834	25899859	2.4
chr1	25899859	25899884	2.56
chr1	25899884	25899909	2.76
chr1	25899909	25899959	2
chr1	25899959	25899984	2.88
chr1	25899984	25900009	3.44
chr1	25900009	25900059	3
chr1	25900059	25900084	2.44
chr1	25900084	25900109	2.8
chr1	25900109	25900159	3
chr1	25900159	25900184	2.12
chr1	25900184	25900209	1.2
chr1	25900209	25900259	2
chr1	25900259	25900284	2.8
chr1	25900284	25900309	2.2
chr1	25900309	25900334	2.6
chr1	25900334	25900359	4.08
chr1	25900359	25900384	5
chr1	25900384	25900409	4.88
chr1	25900409	25900434	4.28
chr1	25900434	25900459	5.92
chr1	25900459	25900484	5.2
chr1	25900484	25900509	5.64
chr1	25900509	25900534	5.4
chr1	25900534	25900559	5.48
chr1	25900559	25900609	6
chr1	25900609	25900634	5.72
chr1	25900634	25900659	4.84
chr1	25900659	25900684	5.92
chr1	25900684	25900709	5.36
chr1	25900709	25900734	5
chr1	25900734	25900759	3.44
chr1	25900759	25900834	2
chr1	25900834	25900859	1.24
chr1	25900859	25900884	0.08
chr1	25900909	25900934	1.12
chr1	25900934	25900959	2
chr1	25900959	25900984	2.4
chr1	25900984	25901109	3
chr1	25901109	25901134	1.88
chr1	25901134	25901159	1
chr1	25901159	25901184	0.6
chr1	25901209	25901234	0.8
chr1	25901234	25901284	1
chr1	25901284	25901309	1.88
chr1	25901309	25901334	3.12
chr1	25901334	25901384	4
chr1	25901384	25901409	5.76
chr1	25901409	25901434	7.04
chr1	25901434	25901459	7.76
chr1	25901459	25901484	8.24
chr1	25901484	25901509	9.12
chr1	25901509	25901534	9.4
chr1	25901534	25901559	9.6
chr1	25901559	25901584	10.52
chr1	25901584	25901609	9.24
chr1	25901609	25901634	7.16
chr1	25901634	25901659	6.64
chr1	25901659	25901684	6.76
chr1	25901684	25901709	5
chr1	25901709	25901734	3.48
chr1	25901734	25901759	2.4
chr1	25901759	25901784	1.48
chr1	25901784	25901834	1
chr1	25901834	25901859	0.6
chr1	25902009	25902034	0.64
chr1	25902034	25902184	1
chr1	25902184	25902209	1.4
chr1	25902209	25902234	2.36
chr1	25902234	25902334	2
chr1	25902334	25902359	2.72
chr1	25902359	25902384	3
chr1	25902384	25902409	2.6
chr1	25902409	25902434	1.72
chr1	25902434	25902484	3
chr1	25902484	25902509	3.28
chr1	25902509	25902534	5
chr1	25902534	25902559	4.84
chr1	25902559	25902609	5
chr1	25902609	25902634	4.28
chr1	25902634	25902659	3
chr1	25902659	25902684	3.96
chr1	25902684	25902709	4.72
chr1	25902709	25902734	4.92
chr1	25902734	25902759	4.44
chr1	25902759	25902834	4
chr1	25902834	25902859	4.56
chr1	25902859	25902884	4.04
chr1	25902884	25902909	3
chr1	25902909	25902934	1.8
chr1	25902934	25903034	2
chr1	25903034	25903059	1.44
chr1	25903059	25903109	1
chr1	25903109	25903134	0.28
chr1	25903134	25903159	0.76
chr1	25903159	25903184	1.24
chr1	25903184	25903234	2
chr1	25903234	25903259	2.04
chr1	25903259	25903334	3
chr1	25903334	25903359	2.24
chr1	25903359	25903384	2.68
chr1	25903384	25903409	2.28
chr1	25903409	25903434	3.56
chr1	25903434	25903459	3.96
chr1	25903459	25903484	3.08
chr1	25903484	25903509	4.44
chr1	25903509	25903559	5
chr1	25903559	25903584	4.08
chr1	25903584	25903609	3.72
chr1	25903609	25903634	3.08
chr1	25903634	25903659	3
chr1	25903659	25903684	3.88
chr1	25903684	25903709	2.56
chr1	25903709	25903809	2
chr1	25903809	25903834	1.36
chr1	25903834	25903859	1
chr1	25903859	25903884	0.04
chr1	25903884	25903909	0.72
chr1	25903909	25903934	1
chr1	25903934	25903959	2.2
chr1	25903959	25903984	3.68
chr1	25903984	25904009	4
chr1	25904009	25904034	4.08
chr1	25904034	25904084	5
chr1	25904084	25904109	4.28
chr1	25904109	25904134	4
chr1	25904134	25904159	4.04
chr1	25904159	25904184	4.32
chr1	25904184	25904209	4.04
chr1	25904209	25904234	4.92
chr1	25904234	25904259	4.96
chr1	25904259	25904284	5
chr1	25904284	25904309	5.08
chr1	25904309	25904334	6.24
chr1	25904334	25904359	6.76
chr1	25904359	25904384	6
chr1	25904384	25904409	6.32
chr1	25904409	25904434	6
chr1	25904434	25904459	5.04
chr1	25904459	25904484	5.6
chr1	25904484	25904509	6.88
chr1	25904509	25904534	6.24
chr1	25904534	25904559	5.12
chr1	25904559	25904584	5.92
chr1	25904584	25904609	6.64
chr1	25904609	25904634	7.36
chr1	25904634	25904659	13.88
chr1	25904659	25904684	15.84
chr1	25904684	25904709	16.04
chr1	25904709	25904734	15.52
chr1	25904734	25904759	15.28
chr1	25904759	25904784	15.08
chr1	25904784	25904809	14
chr1	25904809	25904834	12.84
chr1	25904834	25904859	7.12
chr1	25904859	25904884	4.76
chr1	25904884	25904909	4
chr1	25904909	25904934	4.44
chr1	25904934	25904959	4.76
chr1	25904959	25904984	4.2
chr1	25904984	25905009	5.88
chr1	25905009	25905034	5.8
chr1	25905034	25905059	5
chr1	25905059	25905084	5.48
chr1	25905084	25905109	6.44
chr1	25905109	25905134	7.56
chr1	25905134	25905159	7.2
chr1	25905159	25905184	7.24
chr1	25905184	25905209	6.12
chr1	25905209	25905234	6.72
chr1	25905234	25905259	7
chr1	25905259	25905284	6.32
chr1	25905284	25905309	4.56
chr1	25905309	25905334	3.32
chr1	25905334	25905359	3.64
chr1	25905359	25905384	2.56
chr1	25905384	25905409	2
chr1	25905409	25905434	1.28
chr1	25905434	25905509	1
chr1	25905509	25905534	0.68
chr1	25905659	25905684	0.08
chr1	25905684	25905784	1
chr1	25905784	25905809	1.92
chr1	25905809	25905859	2
chr1	25905859	25905884	2.48
chr1	25905884	25905984	2
chr1	25905984	25906009	1.08
chr1	25906009	25906059	1
chr1	25906059	25906084	0.44
chr1	25906384	25906409	0.68
chr1	25906409	25906459	1
#bedGraph section chr1:25880184-25922659
chr1	25900109	25900159	3
chr1	25900159	25900184	2.12
chr1	25900184	25900209	1.2
chr1	25900209	25900259	2
chr1	25900259	25900284	2.8
chr1	25900284	25900309	2.2
chr1	25900309	25900334	2.6
chr1	25900334	25900359	4.08
chr1	25900359	25900384	5
chr1	25900384	25900409	4.88
chr1	25900409	25900434	4.28
chr1	25900434	25900459	5.92
chr1	25900459	25900484	5.2
chr1	25900484	25900509	5.64
chr1	25900509	25900534	5.4
chr1	25900534	25900559	5.48
chr1	25900559	25900609	6
chr1	25900609	25900634	5.72
chr1	25900634	25900659	4.84
chr1	25900659	25900684	5.92
chr1	25900684	25900709	5.36
chr1	25900709	25900734	5
chr1	25900734	25900759	3.44
chr1	25900759	25900834	2
chr1	25900834	25900859	1.24
chr1	25900859	25900884	0.08
chr1	25900909	25900934	1.12
chr1	25900934	25900959	2
chr1	25900959	25900984	2.4
chr1	25900984	25901109	3
chr1	25901109	25901134	1.88
chr1	25901134	25901159	1
chr1	25901159	25901184	0.6
chr1	25901209	25901234	0.8
chr1	25901234	25901284	1
chr1	25901284	25901309	1.88
chr1	25901309	25901334	3.12
chr1	25901334	25901384	4
chr1	25901384	25901409	5.76
chr1	25901409	25901434	7.04
chr1	25901434	25901459	7.76
chr1	25901459	25901484	8.24
chr1	25901484	25901509	9.12
chr1	25901509	25901534	9.4
chr1	25901534	25901559	9.6
chr1	25901559	25901584	10.52
chr1	25901584	25901609	9.24
chr1	25901609	25901634	7.16
chr1	25901634	25901659	6.64
chr1	25901659	25901684	6.76
chr1	25901684	25901709	5
chr1	25901709	25901734	3.48
chr1	25901734	25901759	2.4
chr1	25901759	25901784	1.48
chr1	25901784	25901834	1
chr1	25901834	25901859	0.6
chr1	25902009	25902034	0.64
chr1	25902034	25902184	1
chr1	25902184	25902209	1.4
chr1	25902209	25902234	2.36
chr1	25902234	25902334	2
chr1	25902334	25902359	2.72
chr1	25902359	25902384	3
chr1	25902384	25902409	2.6
chr1	25902409	25902434	1.72
chr1	25902434	25902484	3
chr1	25902484	25902509	3.28
chr1	25902509	25902534	5
chr1	25902534	25902559	4.84
chr1	25902559	25902609	5
chr1	25902609	25902634	4.28
chr1	25902634	25902659	3
chr1	25902659	25902684	3.96
chr1	25902684	25902709	4.72
chr1	25902709	25902734	4.92
chr1	25902734	25902759	4.44
chr1	25902759	25902834	4
chr1	25902834	25902859	4.56
chr1	25902859	25902884	4.04
chr1	25902884	25902909	3
chr1	25902909	25902934	1.8
chr1	25902934	25903034	2
chr1	25903034	25903059	1.44
chr1	25903059	25903109	1
chr1	25903109	25903134	0.28
chr1	25903134	25903159	0.76
chr1	25903159	25903184	1.24
chr1	25903184	25903234	2
chr1	25903234	25903259	2.04
chr1	25903259	25903334	3
chr1	25903334	25903359	2.24
chr1	25903359	25903384	2.68
chr1	25903384	25903409	2.28
chr1	25903409	25903434	3.56
chr1	25903434	25903459	3.96
chr1	25903459	25903484	3.08
chr1	25903484	25903509	4.44
chr1	25903509	25903559	5
chr1	25903559	25903584	4.08
chr1	25903584	25903609	3.72
chr1	25903609	25903634	3.08
chr1	25903634	25903659	3
chr1	25903659	25903684	3.88
chr1	25903684	25903709	2.56
chr1	25903709	25903809	2
chr1	25903809	25903834	1.36
chr1	25903834	25903859	1
chr1	25903859	25903884	0.04
chr1	25903884	25903909	0.72
chr1	25903909	25903934	1
chr1	25903934	25903959	2.2
chr1	25903959	25903984	3.68
chr1	25903984	25904009	4
chr1	25904009	25904034	4.08
chr1	25904034	25904084	5
chr1	25904084	25904109	4.28
chr1	25904109	25904134	4
chr1	25904134	25904159	4.04
chr1	25904159	25904184	4.32
chr1	25904184	25904209	4.04
chr1	25904209	25904234	4.92
chr1	25904234	25904259	4.96
chr1	25904259	25904284	5
chr1	25904284	25904309	5.08
chr1	25904309	25904334	6.24
chr1	25904334	25904359	6.76
chr1	25904359	25904384	6
chr1	25904384	25904409	6.32
chr1	25904409	25904434	6
chr1	25904434	25904459	5.04
chr1	25904459	25904484	5.6
chr1	25904484	25904509	6.88
chr1	25904509	25904534	6.24
chr1	25904534	25904559	5.12
chr1	25904559	25904584	5.92
chr1	25904584	25904609	6.64
chr1	25904609	25904634	7.36
chr1	25904634	25904659	13.88
chr1	25904659	25904684	15.84
chr1	25904684	25904709	16.04
chr1	25904709	25904734	15.52
chr1	25904734	25904759	15.28
chr1	25904759	25904784	15.08
chr1	25904784	25904809	14
chr1	25904809	25904834	12.84
chr1	25904834	25904859	7.12
chr1	25904859	25904884	4.76
chr1	25904884	25904909	4
chr1	25904909	25904934	4.44
chr1	25904934	25904959	4.76
chr1	25904959	25904984	4.2
chr1	25904984	25905009	5.88
chr1	25905009	25905034	5.8
chr1	25905034	25905059	5
chr1	25905059	25905084	5.48
chr1	25905084	25905109	6.44
chr1	25905109	25905134	7.56
chr1	25905134	25905159	7.2
chr1	25905159	25905184	7.24
chr1	25905184	25905209	6.12
chr1	25905209	25905234	6.72
chr1	25905234	25905259	7
chr1	25905259	25905284	6.32
chr1	25905284	25905309	4.56
chr1	25905309	25905334	3.32
chr1	25905334	25905359	3.64
chr1	25905359	25905384	2.56
chr1	25905384	25905409	2
chr1	25905409	25905434	1.28
chr1	25905434	25905509	1
chr1	25905509	25905534	0.68
chr1	25905659	25905684	0.08
chr1	25905684	25905784	1
chr1	25905784	25905809	1.92
chr1	25905809	25905859	2
chr1	25905859	25905884	2.48
chr1	25905884	25905984	2
chr1	25905984	25906009	1.08
chr1	25906009	25906059	1
chr1	25906059	25906084	0.44
chr1	25906384	25906409	0.68
chr1	25906409	25906459	1
chr1	25906459	25906509	2
chr1	25906509	25906534	2.72
chr1	25906534	25906584	3
chr1	25906584	25906609	3.12
chr1	25906609	25906634	4.52
chr1	25906634	25906659	6.88
chr1	25906659	25906684	6.72
chr1	25906684	25906709	9.08
chr1	25906709	25906734	11.28
chr1	25906734	25906759	11.4
chr1	25906759	25906784	14.52
chr1	25906784	25906809	16.04
chr1	25906809	25906834	14.88
chr1	25906834	25906859	13.56
chr1	25906859	25906884	15.76
