track type=wiggle_0 name="K562" description="H3K4Me3 Mark (Often Found Near Promoters) on K562 Cells from ENCODE"
#bedGraph section chr1:25856159-25900209
chr1	25884034	25884209	1
chr1	25884209	25884234	0.4
chr1	25884959	25884984	0.16
chr1	25884984	25885009	1
chr1	25885009	25885034	1.52
chr1	25885034	25885084	2
chr1	25885084	25885109	2.4
chr1	25885109	25885159	3
chr1	25885159	25885184	2.84
chr1	25885184	25885209	2
chr1	25885209	25885234	1.48
chr1	25885234	25885284	1
chr1	25885284	25885309	0.6
chr1	25885759	25885784	0.36
chr1	25885784	25885959	1
chr1	25885959	25885984	0.64
chr1	25886009	25886034	0.32
chr1	25886034	25886209	2
chr1	25886209	25886234	1.68
chr1	25886284	25886309	0.92
chr1	25886309	25886409	1
chr1	25886409	25886484	2
chr1	25886484	25886509	1.08
chr1	25886509	25886609	1
chr1	25886884	25886909	0.64
chr1	25886909	25886934	1
chr1	25886934	25886959	1.56
chr1	25886959	25887084	2
chr1	25887084	25887109	1.36
chr1	25887109	25887134	1.56
chr1	25887134	25887159	1.88
chr1	25887159	25887184	2.84
chr1	25887184	25887309	3
chr1	25887309	25887334	2.44
chr1	25887334	25887359	1.56
chr1	25887359	25887384	0.16
chr1	25887384	25887409	0.36
chr1	25887409	25887434	1.76
chr1	25887434	25887584	2
chr1	25887584	25887609	1.64
chr1	25887609	25887634	0.24
chr1	25888059	25888084	0.44
chr1	25888084	25888109	1.84
chr1	25888109	25888184	3
chr1	25888184	25888209	3.48
chr1	25888209	25888259	4
chr1	25888259	25888284	3.56
chr1	25888284	25888309	2.16
chr1	25888309	25888334	1
chr1	25888334	25888359	1.6
chr1	25888359	25888384	2.96
chr1	25888384	25888409	2.52
chr1	25888409	25888509	2
chr1	25888509	25888534	2.88
chr1	25888534	25888559	2.44
chr1	25888559	25888584	2.04
chr1	25888584	25888609	2.76
chr1	25888609	25888634	3.2
chr1	25888634	25888659	5.36
chr1	25888659	25888684	7.32
chr1	25888684	25888709	8
chr1	25888709	25888734	7.12
chr1	25888734	25888759	6.96
chr1	25888759	25888784	6
chr1	25888784	25888809	5.24
chr1	25888809	25888834	4.8
chr1	25888834	25888859	2.64
chr1	25888859	25888884	0.68
chr1	25888884	25888909	0.32
chr1	25888909	25888934	1
chr1	25888934	25888959	2.84
chr1	25888959	25888984	3.6
chr1	25888984	25889034	5
chr1	25889034	25889059	5.12
chr1	25889059	25889084	6.48
chr1	25889084	25889109	7.68
chr1	25889109	25889134	7
chr1	25889134	25889159	5.16
chr1	25889159	25889184	4.4
chr1	25889184	25889209	3
chr1	25889209	25889234	4.52
chr1	25889234	25889259	4.88
chr1	25889259	25889284	3.52
chr1	25889284	25889409	2
chr1	25889409	25889434	0.68
chr1	25889434	25889459	1.24
chr1	25889459	25889484	2
chr1	25889484	25889509	2.6
chr1	25889509	25889534	3
chr1	25889534	25889559	3.64
chr1	25889559	25889609	4
chr1	25889609	25889634	3.8
chr1	25889634	25889659	2.76
chr1	25889659	25889684	2
chr1	25889684	25889709	2.2
chr1	25889709	25889734	2
chr1	25889734	25889759	1.44
chr1	25889759	25889784	2
chr1	25889784	25889809	2.92
chr1	25889809	25889884	3
chr1	25889884	25889909	2.68
chr1	25889909	25889934	3.24
chr1	25889934	25889959	3.92
chr1	25889959	25889984	3
chr1	25889984	25890009	2.48
chr1	25890009	25890034	4.92
chr1	25890034	25890059	6.4
chr1	25890059	25890084	7.44
chr1	25890084	25890109	7.56
chr1	25890109	25890134	9
chr1	25890134	25890159	10
chr1	25890159	25890184	11.04
chr1	25890184	25890209	12.44
chr1	25890209	25890234	11.76
chr1	25890234	25890259	12.6
chr1	25890259	25890284	12.24
chr1	25890284	25890309	13.96
chr1	25890309	25890334	11.76
chr1	25890334	25890359	10.24
chr1	25890359	25890384	10
chr1	25890384	25890409	9.16
chr1	25890409	25890434	8.24
chr1	25890434	25890459	8.28
chr1	25890459	25890484	8.56
chr1	25890484	25890509	8.04
chr1	25890509	25890534	10.16
chr1	25890534	25890559	12.32
chr1	25890559	25890609	12.96
chr1	25890609	25890634	14.52
chr1	25890634	25890659	13.32
chr1	25890659	25890684	13.28
chr1	25890684	25890709	12.68
chr1	25890709	25890734	12.52
chr1	25890734	25890759	11.44
chr1	25890759	25890784	10.24
chr1	25890784	25890809	10.04
chr1	25890809	25890834	7.56
chr1	25890834	25890859	6.4
chr1	25890859	25890884	5.88
chr1	25890884	25890909	5.28
chr1	25890909	25890934	3.32
chr1	25890934	25890959	2.28
chr1	25890959	25890984	2.76
chr1	25890984	25891009	2
chr1	25891009	25891034	2.12
chr1	25891034	25891059	3
chr1	25891059	25891084	2.6
chr1	25891084	25891134	2
chr1	25891134	25891159	1.72
chr1	25891159	25891209	1
chr1	25891209	25891234	0.88
chr1	25891309	25891334	0.6
chr1	25891334	25891509	1
chr1	25891509	25891534	0.4
chr1	25891584	25891609	0.2
chr1	25891609	25891784	1
chr1	25891784	25891809	0.8
chr1	25892184	25892209	0.96
chr1	25892209	25892234	1.96
chr1	25892234	25892334	2
chr1	25892334	25892359	2.44
chr1	25892359	25892384	3
chr1	25892384	25892409	2.04
chr1	25892409	25892434	1.52
chr1	25892434	25892534	2
chr1	25892534	25892559	1.56
chr1	25892559	25892609	1
chr1	25892609	25892634	0.52
chr1	25892859	25893059	1
chr1	25893434	25893459	0.36
chr1	25893459	25893634	1
chr1	25893634	25893659	0.64
chr1	25893834	25893859	0.56
chr1	25893859	25893959	1
chr1	25893959	25893984	1.2
chr1	25893984	25894034	2
chr1	25894034	25894059	1.56
chr1	25894059	25894134	2
chr1	25894134	25894159	2.04
chr1	25894159	25894184	2.8
chr1	25894184	25894209	2
chr1	25894209	25894234	2.52
chr1	25894234	25894259	2.88
chr1	25894259	25894284	2
chr1	25894284	25894309	2.6
chr1	25894309	25894334	3
chr1	25894334	25894359	2.96
chr1	25894359	25894384	2
chr1	25894384	25894409	2.56
chr1	25894409	25894434	2.48
chr1	25894434	25894459	2
chr1	25894459	25894484	2.28
chr1	25894484	25894509	2.72
chr1	25894509	25894534	3
chr1	25894534	25894559	3.76
chr1	25894559	25894584	4
chr1	25894584	25894609	3.44
chr1	25894609	25894659	3
chr1	25894659	25894684	2.72
chr1	25894684	25894709	1.68
chr1	25894709	25894734	1
chr1	25894734	25894759	0.56
chr1	25894759	25894909	1
chr1	25894909	25894934	1.72
chr1	25894934	25894959	2.08
chr1	25894959	25895109	2
chr1	25895109	25895134	2.2
chr1	25895134	25895159	2.64
chr1	25895159	25895184	3.52
chr1	25895184	25895209	5.36
chr1	25895209	25895234	6
chr1	25895234	25895259	6.04
chr1	25895259	25895309	7
chr1	25895309	25895334	6.68
chr1	25895334	25895359	6.64
chr1	25895359	25895384	7.04
chr1	25895384	25895409	5.64
chr1	25895409	25895434	5
chr1	25895434	25895459	5.76
chr1	25895459	25895484	6.12
chr1	25895484	25895509	7
chr1	25895509	25895534	6.4
chr1	25895534	25895559	5.32
chr1	25895559	25895584	3.44
chr1	25895584	25895609	3.8
chr1	25895609	25895634	6.44
chr1	25895634	25895659	6.52
chr1	25895659	25895684	6.12
chr1	25895684	25895709	7.16
chr1	25895709	25895734	10.48
chr1	25895734	25895784	11
chr1	25895784	25895809	10.44
chr1	25895809	25895834	9.32
chr1	25895834	25895859	9.12
chr1	25895859	25895884	11.44
chr1	25895884	25895909	10.16
chr1	25895909	25895934	8.96
chr1	25895934	25895959	11
chr1	25895959	25895984	11.28
chr1	25895984	25896009	11.76
chr1	25896009	25896034	10.64
chr1	25896034	25896059	11.28
chr1	25896059	25896084	8.32
chr1	25896084	25896109	8.28
chr1	25896109	25896134	6.56
chr1	25896134	25896159	4
chr1	25896159	25896184	3.72
chr1	25896184	25896209	3
chr1	25896209	25896234	3.44
chr1	25896234	25896259	2.96
chr1	25896259	25896284	3
chr1	25896284	25896309	3.12
chr1	25896309	25896334	3
chr1	25896334	25896359	3.04
chr1	25896359	25896384	4.16
chr1	25896384	25896409	5
chr1	25896409	25896434	4.16
chr1	25896434	25896459	3.32
chr1	25896459	25896484	3
chr1	25896484	25896509	2.28
chr1	25896509	25896534	2
chr1	25896534	25896559	2.04
chr1	25896559	25896584	1.84
chr1	25896584	25896634	1
chr1	25896634	25896659	1.08
chr1	25896659	25896734	2
chr1	25896734	25896759	1.92
chr1	25896759	25896809	1
chr1	25896809	25896834	1.4
chr1	25896834	25896859	2.4
chr1	25896859	25896934	2
chr1	25896934	25896959	3.04
chr1	25896959	25897009	4
chr1	25897009	25897034	3.68
chr1	25897034	25897059	3.52
chr1	25897059	25897134	3
chr1	25897134	25897159	1.96
chr1	25897159	25897209	1
chr1	25897209	25897234	0.92
chr1	25897559	25897584	1.04
chr1	25897584	25897634	3
chr1	25897634	25897659	4.28
chr1	25897659	25897759	5
chr1	25897759	25897784	3.96
chr1	25897784	25897834	2
chr1	25897834	25897859	0.72
chr1	25898134	25898159	0.48
chr1	25898159	25898184	1.64
chr1	25898184	25898309	3
chr1	25898309	25898334	3.4
chr1	25898334	25898359	3.52
chr1	25898359	25898384	2.36
chr1	25898384	25898484	1
chr1	25898484	25898509	2.92
chr1	25898509	25898534	3.6
chr1	25898534	25898609	3
chr1	25898609	25898634	3.64
chr1	25898634	25898659	4
chr1	25898659	25898684	4.56
chr1	25898684	25898709	3.08
chr1	25898709	25898734	3.84
chr1	25898734	25898809	4
chr1	25898809	25898834	3.36
chr1	25898834	25898859	3
chr1	25898859	25898884	2.44
chr1	25898884	25898909	2
chr1	25898909	25898934	0.8
chr1	25898934	25899109	1
chr1	25899109	25899134	0.36
chr1	25899134	25899159	0.68
chr1	25899159	25899184	1
chr1	25899184	25899209	2
chr1	25899209	25899234	2.92
chr1	25899234	25899334	3
chr1	25899334	25899359	2.32
chr1	25899359	25899384	2
chr1	25899384	25899409	1
chr1	25899409	25899434	0.08
chr1	25899434	25899459	0.72
chr1	25899459	25899634	1
chr1	25899634	25899659	1.6
chr1	25899659	25899684	2
chr1	25899684	25899709	2.72
chr1	25899709	25899834	4
chr1	25899834	25899884	2.68
chr1	25899884	25899909	2.28
chr1	25899909	25899934	1
chr1	25899934	25899959	1.8
chr1	25899959	25900034	2
chr1	25900034	25900059	3
chr1	25900059	25900084	3.32
chr1	25900084	25900134	3
chr1	25900134	25900159	2.2
chr1	25900159	25900209	2
#bedGraph section chr1:25900209-25940509
chr1	25900209	25900234	3.6
chr1	25900234	25900259	3
chr1	25900259	25900284	2
chr1	25900284	25900309	2.68
chr1	25900309	25900409	3
chr1	25900409	25900434	1.4
chr1	25900434	25900459	2.36
chr1	25900459	25900484	3
chr1	25900484	25900509	2.32
chr1	25900509	25900634	2
chr1	25900634	25900659	0.64
chr1	25900659	25900684	0.44
chr1	25900684	25900709	1.88
chr1	25900709	25900734	2.52
chr1	25900734	25900759	3
chr1	25900759	25900784	3.24
chr1	25900784	25900834	4
chr1	25900834	25900859	4.32
chr1	25900859	25900884	5.56
chr1	25900884	25900934	4.48
chr1	25900934	25900959	4.32
chr1	25900959	25900984	4.76
chr1	25900984	25901009	4.64
chr1	25901009	25901034	5
chr1	25901034	25901059	4.68
chr1	25901059	25901084	3.12
chr1	25901084	25901109	3.64
chr1	25901109	25901134	4.72
chr1	25901134	25901159	7.04
chr1	25901159	25901184	7
chr1	25901184	25901209	7.36
chr1	25901209	25901259	7
chr1	25901259	25901284	6.88
chr1	25901284	25901309	6
chr1	25901309	25901334	4.28
chr1	25901334	25901359	1.64
chr1	25901359	25901409	1
chr1	25901409	25901434	2
chr1	25901434	25901459	2.48
chr1	25901459	25901484	7
chr1	25901484	25901509	7.32
chr1	25901509	25901534	8
chr1	25901534	25901559	8.4
chr1	25901559	25901584	9
chr1	25901584	25901609	8
chr1	25901609	25901634	7.28
chr1	25901634	25901659	7.52
chr1	25901659	25901684	3
chr1	25901684	25901709	2.68
chr1	25901709	25901734	2
chr1	25901734	25901759	1.6
chr1	25901759	25901809	1
chr1	25901809	25901834	0.72
chr1	25901834	25901859	0.84
chr1	25901859	25901984	1
chr1	25901984	25902009	1.8
chr1	25902009	25902034	2
chr1	25902034	25902059	1.16
chr1	25902059	25902084	1
chr1	25902084	25902109	1.56
chr1	25902109	25902134	2.08
chr1	25902134	25902159	3
chr1	25902159	25902184	3.64
chr1	25902184	25902209	4.2
chr1	25902209	25902284	4
chr1	25902284	25902309	3.44
chr1	25902309	25902359	3
chr1	25902359	25902384	2.36
chr1	25902384	25902434	1
chr1	25902434	25902459	2
chr1	25902459	25902484	3.52
chr1	25902484	25902534	4.92
chr1	25902534	25902559	4.8
chr1	25902559	25902609	6
chr1	25902609	25902634	8.2
chr1	25902634	25902659	8
chr1	25902659	25902684	6.48
chr1	25902684	25902709	5.08
chr1	25902709	25902734	5.6
chr1	25902734	25902759	5.92
chr1	25902759	25902784	7.56
chr1	25902784	25902809	8
chr1	25902809	25902834	6.04
chr1	25902834	25902859	7.28
chr1	25902859	25902909	8
chr1	25902909	25902934	7.4
chr1	25902934	25902959	6.28
chr1	25902959	25902984	3.44
chr1	25902984	25903009	3
chr1	25903009	25903034	3.96
chr1	25903034	25903059	2.72
chr1	25903059	25903084	2.4
chr1	25903084	25903109	4.32
chr1	25903109	25903134	5
chr1	25903134	25903159	5.88
chr1	25903159	25903184	7
chr1	25903184	25903209	7.36
chr1	25903209	25903234	6.8
chr1	25903234	25903259	6
chr1	25903259	25903284	6.28
chr1	25903284	25903309	4.68
chr1	25903309	25903334	7.28
chr1	25903334	25903359	9.16
chr1	25903359	25903384	9.4
chr1	25903384	25903409	10.6
chr1	25903409	25903434	11.76
chr1	25903434	25903459	12
chr1	25903459	25903484	11.88
chr1	25903484	25903509	12.72
chr1	25903509	25903534	11.4
chr1	25903534	25903559	10.6
chr1	25903559	25903584	9.6
chr1	25903584	25903609	8.24
chr1	25903609	25903634	7.24
chr1	25903634	25903659	7.36
chr1	25903659	25903684	7.56
chr1	25903684	25903709	7.72
chr1	25903709	25903734	6.32
chr1	25903734	25903759	4.64
chr1	25903759	25903784	5
chr1	25903784	25903809	4.8
chr1	25903809	25903834	4.68
chr1	25903834	25903859	6.2
chr1	25903859	25903884	5.88
chr1	25903884	25903909	4.56
chr1	25903909	25903934	5.84
chr1	25903934	25903959	7.36
chr1	25903959	25903984	9.76
chr1	25903984	25904009	12.72
chr1	25904009	25904034	13.68
chr1	25904034	25904059	13
chr1	25904059	25904084	13.6
chr1	25904084	25904109	14
chr1	25904109	25904134	12.16
chr1	25904134	25904159	11.92
chr1	25904159	25904184	11.84
chr1	25904184	25904209	12.92
chr1	25904209	25904234	14.08
chr1	25904234	25904259	15
chr1	25904259	25904284	16.96
chr1	25904284	25904309	20.48
chr1	25904309	25904334	23.6
chr1	25904334	25904359	28
chr1	25904359	25904384	31.8
chr1	25904384	25904409	29.6
chr1	25904409	25904434	30.44
chr1	25904434	25904459	31.64
chr1	25904459	25904484	33.92
chr1	25904484	25904509	33.96
chr1	25904509	25904534	37.44
chr1	25904534	25904559	37.88
chr1	25904559	25904584	36.32
chr1	25904584	25904609	42.04
chr1	25904609	25904634	54.28
chr1	25904634	25904659	66.64
chr1	25904659	25904684	70.76
chr1	25904684	25904709	73.56
chr1	25904709	25904734	75
chr1	25904734	25904759	75.68
chr1	25904759	25904784	77.12
chr1	25904784	25904809	76
chr1	25904809	25904834	73.24
chr1	25904834	25904859	77.08
chr1	25904859	25904884	80.08
chr1	25904884	25904909	80.56
chr1	25904909	25904934	83.8
chr1	25904934	25904959	97
chr1	25904959	25904984	110.56
chr1	25904984	25905009	118.96
chr1	25905009	25905034	114.48
chr1	25905034	25905059	109.4
chr1	25905059	25905084	120
chr1	25905084	25905109	147.32
chr1	25905109	25905134	166.72
chr1	25905134	25905159	178.04
chr1	25905159	25905184	175.16
chr1	25905184	25905209	179.76
chr1	25905209	25905234	192.76
chr1	25905234	25905259	198.32
chr1	25905259	25905284	195.88
chr1	25905284	25905309	176.56
chr1	25905309	25905334	159.96
chr1	25905334	25905359	137.96
chr1	25905359	25905384	129.12
chr1	25905384	25905409	113.76
chr1	25905409	25905434	94.88
chr1	25905434	25905459	75.36
chr1	25905459	25905484	54.8
chr1	25905484	25905509	39.56
chr1	25905509	25905534	25.48
chr1	25905534	25905559	15.88
chr1	25905559	25905584	7.32
chr1	25905584	25905609	4.84
chr1	25905609	25905634	4.12
chr1	25905634	25905659	4.92
chr1	25905659	25905684	8.72
chr1	25905684	25905709	12.84
chr1	25905709	25905734	20.44
chr1	25905734	25905759	28.76
chr1	25905759	25905784	35.2
chr1	25905784	25905809	41.48
chr1	25905809	25905834	46.28
chr1	25905834	25905859	51.92
chr1	25905859	25905884	55.72
chr1	25905884	25905909	59.48
chr1	25905909	25905934	57.16
chr1	25905934	25905959	53.44
chr1	25905959	25905984	49.4
chr1	25905984	25906009	52.36
chr1	25906009	25906034	51.32
chr1	25906034	25906059	50.6
chr1	25906059	25906084	52
chr1	25906084	25906109	49.72
chr1	25906109	25906134	50.16
chr1	25906134	25906159	47.24
chr1	25906159	25906184	49.2
chr1	25906184	25906209	39.64
chr1	25906209	25906234	38.24
chr1	25906234	25906259	36.04
chr1	25906259	25906284	28.56
chr1	25906284	25906309	24.68
chr1	25906309	25906334	21.68
chr1	25906334	25906359	21.48
chr1	25906359	25906384	17.6
chr1	25906384	25906409	17.28
chr1	25906409	25906434	13.52
#bedGraph section chr1:25856159-25900209
chr1	25900084	25900134	3
chr1	25900134	25900159	2.2
chr1	25900159	25900209	2
#bedGraph section chr1:25900209-25940509
chr1	25900209	25900234	3.6
chr1	25900234	25900259	3
chr1	25900259	25900284	2
chr1	25900284	25900309	2.68
chr1	25900309	25900409	3
chr1	25900409	25900434	1.4
chr1	25900434	25900459	2.36
chr1	25900459	25900484	3
chr1	25900484	25900509	2.32
chr1	25900509	25900634	2
chr1	25900634	25900659	0.64
chr1	25900659	25900684	0.44
chr1	25900684	25900709	1.88
chr1	25900709	25900734	2.52
chr1	25900734	25900759	3
chr1	25900759	25900784	3.24
chr1	25900784	25900834	4
chr1	25900834	25900859	4.32
chr1	25900859	25900884	5.56
chr1	25900884	25900934	4.48
chr1	25900934	25900959	4.32
chr1	25900959	25900984	4.76
chr1	25900984	25901009	4.64
chr1	25901009	25901034	5
chr1	25901034	25901059	4.68
chr1	25901059	25901084	3.12
chr1	25901084	25901109	3.64
chr1	25901109	25901134	4.72
chr1	25901134	25901159	7.04
chr1	25901159	25901184	7
chr1	25901184	25901209	7.36
chr1	25901209	25901259	7
chr1	25901259	25901284	6.88
chr1	25901284	25901309	6
chr1	25901309	25901334	4.28
chr1	25901334	25901359	1.64
chr1	25901359	25901409	1
chr1	25901409	25901434	2
chr1	25901434	25901459	2.48
chr1	25901459	25901484	7
chr1	25901484	25901509	7.32
chr1	25901509	25901534	8
chr1	25901534	25901559	8.4
chr1	25901559	25901584	9
chr1	25901584	25901609	8
chr1	25901609	25901634	7.28
chr1	25901634	25901659	7.52
chr1	25901659	25901684	3
chr1	25901684	25901709	2.68
chr1	25901709	25901734	2
chr1	25901734	25901759	1.6
chr1	25901759	25901809	1
chr1	25901809	25901834	0.72
chr1	25901834	25901859	0.84
chr1	25901859	25901984	1
chr1	25901984	25902009	1.8
chr1	25902009	25902034	2
chr1	25902034	25902059	1.16
chr1	25902059	25902084	1
chr1	25902084	25902109	1.56
chr1	25902109	25902134	2.08
chr1	25902134	25902159	3
chr1	25902159	25902184	3.64
chr1	25902184	25902209	4.2
chr1	25902209	25902284	4
chr1	25902284	25902309	3.44
chr1	25902309	25902359	3
chr1	25902359	25902384	2.36
chr1	25902384	25902434	1
chr1	25902434	25902459	2
chr1	25902459	25902484	3.52
chr1	25902484	25902534	4.92
chr1	25902534	25902559	4.8
chr1	25902559	25902609	6
chr1	25902609	25902634	8.2
chr1	25902634	25902659	8
chr1	25902659	25902684	6.48
chr1	25902684	25902709	5.08
chr1	25902709	25902734	5.6
chr1	25902734	25902759	5.92
chr1	25902759	25902784	7.56
chr1	25902784	25902809	8
chr1	25902809	25902834	6.04
chr1	25902834	25902859	7.28
chr1	25902859	25902909	8
chr1	25902909	25902934	7.4
chr1	25902934	25902959	6.28
chr1	25902959	25902984	3.44
chr1	25902984	25903009	3
chr1	25903009	25903034	3.96
chr1	25903034	25903059	2.72
chr1	25903059	25903084	2.4
chr1	25903084	25903109	4.32
chr1	25903109	25903134	5
chr1	25903134	25903159	5.88
chr1	25903159	25903184	7
chr1	25903184	25903209	7.36
chr1	25903209	25903234	6.8
chr1	25903234	25903259	6
chr1	25903259	25903284	6.28
chr1	25903284	25903309	4.68
chr1	25903309	25903334	7.28
chr1	25903334	25903359	9.16
chr1	25903359	25903384	9.4
chr1	25903384	25903409	10.6
chr1	25903409	25903434	11.76
chr1	25903434	25903459	12
chr1	25903459	25903484	11.88
chr1	25903484	25903509	12.72
chr1	25903509	25903534	11.4
chr1	25903534	25903559	10.6
chr1	25903559	25903584	9.6
chr1	25903584	25903609	8.24
chr1	25903609	25903634	7.24
chr1	25903634	25903659	7.36
chr1	25903659	25903684	7.56
chr1	25903684	25903709	7.72
chr1	25903709	25903734	6.32
chr1	25903734	25903759	4.64
chr1	25903759	25903784	5
chr1	25903784	25903809	4.8
chr1	25903809	25903834	4.68
chr1	25903834	25903859	6.2
chr1	25903859	25903884	5.88
chr1	25903884	25903909	4.56
chr1	25903909	25903934	5.84
chr1	25903934	25903959	7.36
chr1	25903959	25903984	9.76
chr1	25903984	25904009	12.72
chr1	25904009	25904034	13.68
chr1	25904034	25904059	13
chr1	25904059	25904084	13.6
chr1	25904084	25904109	14
chr1	25904109	25904134	12.16
chr1	25904134	25904159	11.92
chr1	25904159	25904184	11.84
chr1	25904184	25904209	12.92
chr1	25904209	25904234	14.08
chr1	25904234	25904259	15
chr1	25904259	25904284	16.96
chr1	25904284	25904309	20.48
chr1	25904309	25904334	23.6
chr1	25904334	25904359	28
chr1	25904359	25904384	31.8
chr1	25904384	25904409	29.6
chr1	25904409	25904434	30.44
chr1	25904434	25904459	31.64
chr1	25904459	25904484	33.92
chr1	25904484	25904509	33.96
chr1	25904509	25904534	37.44
chr1	25904534	25904559	37.88
chr1	25904559	25904584	36.32
chr1	25904584	25904609	42.04
chr1	25904609	25904634	54.28
chr1	25904634	25904659	66.64
chr1	25904659	25904684	70.76
chr1	25904684	25904709	73.56
chr1	25904709	25904734	75
chr1	25904734	25904759	75.68
chr1	25904759	25904784	77.12
chr1	25904784	25904809	76
chr1	25904809	25904834	73.24
chr1	25904834	25904859	77.08
chr1	25904859	25904884	80.08
chr1	25904884	25904909	80.56
chr1	25904909	25904934	83.8
chr1	25904934	25904959	97
chr1	25904959	25904984	110.56
chr1	25904984	25905009	118.96
chr1	25905009	25905034	114.48
chr1	25905034	25905059	109.4
chr1	25905059	25905084	120
chr1	25905084	25905109	147.32
chr1	25905109	25905134	166.72
chr1	25905134	25905159	178.04
chr1	25905159	25905184	175.16
chr1	25905184	25905209	179.76
chr1	25905209	25905234	192.76
chr1	25905234	25905259	198.32
chr1	25905259	25905284	195.88
chr1	25905284	25905309	176.56
chr1	25905309	25905334	159.96
chr1	25905334	25905359	137.96
chr1	25905359	25905384	129.12
chr1	25905384	25905409	113.76
chr1	25905409	25905434	94.88
chr1	25905434	25905459	75.36
chr1	25905459	25905484	54.8
chr1	25905484	25905509	39.56
chr1	25905509	25905534	25.48
chr1	25905534	25905559	15.88
chr1	25905559	25905584	7.32
chr1	25905584	25905609	4.84
chr1	25905609	25905634	4.12
chr1	25905634	25905659	4.92
chr1	25905659	25905684	8.72
chr1	25905684	25905709	12.84
chr1	25905709	25905734	20.44
chr1	25905734	25905759	28.76
chr1	25905759	25905784	35.2
chr1	25905784	25905809	41.48
chr1	25905809	25905834	46.28
chr1	25905834	25905859	51.92
chr1	25905859	25905884	55.72
chr1	25905884	25905909	59.48
chr1	25905909	25905934	57.16
chr1	25905934	25905959	53.44
chr1	25905959	25905984	49.4
chr1	25905984	25906009	52.36
chr1	25906009	25906034	51.32
chr1	25906034	25906059	50.6
chr1	25906059	25906084	52
chr1	25906084	25906109	49.72
chr1	25906109	25906134	50.16
chr1	25906134	25906159	47.24
chr1	25906159	25906184	49.2
chr1	25906184	25906209	39.64
chr1	25906209	25906234	38.24
chr1	25906234	25906259	36.04
chr1	25906259	25906284	28.56
chr1	25906284	25906309	24.68
chr1	25906309	25906334	21.68
chr1	25906334	25906359	21.48
chr1	25906359	25906384	17.6
chr1	25906384	25906409	17.28
chr1	25906409	25906434	13.52
chr1	25906434	25906459	9.52
chr1	25906459	25906484	8.72
chr1	25906484	25906509	8.28
chr1	25906509	25906534	9.52
chr1	25906534	25906559	13.52
chr1	25906559	25906584	18.12
chr1	25906584	25906609	21.52
chr1	25906609	25906634	25.04
chr1	25906634	25906659	36.12
chr1	25906659	25906684	39.28
chr1	25906684	25906709	42.56
chr1	25906709	25906734	43.16
chr1	25906734	25906759	43.96
chr1	25906759	25906784	41.56
chr1	25906784	25906809	41.72
chr1	25906809	25906834	40.52
chr1	25906834	25906859	31.56
chr1	25906859	25906884	28.8
