track type=wiggle_0 name="K562" description="H3K4Me1 Mark (Often Found Near Regulatory Elements) on K562 Cells from ENCODE"
#bedGraph section chr1:25881434-25911884
chr1	25884159	25884184	1.48
chr1	25884184	25884209	1.64
chr1	25884209	25884309	2
chr1	25884309	25884334	2.08
chr1	25884334	25884359	2.16
chr1	25884359	25884384	2.44
chr1	25884384	25884509	2
chr1	25884509	25884559	1.32
chr1	25884559	25884609	1
chr1	25884609	25884634	1.48
chr1	25884634	25884659	2
chr1	25884659	25884709	3
chr1	25884709	25884734	2.8
chr1	25884734	25884784	2
chr1	25884784	25884809	1.92
chr1	25884809	25884834	1
chr1	25884834	25884859	0.4
chr1	25884884	25884909	0.92
chr1	25884909	25885059	2
chr1	25885059	25885084	1.64
chr1	25885084	25885109	0.24
chr1	25885209	25885234	0.44
chr1	25885234	25885284	1
chr1	25885284	25885309	1.76
chr1	25885309	25885334	3
chr1	25885334	25885359	3.96
chr1	25885359	25885384	4
chr1	25885384	25885409	4.28
chr1	25885409	25885459	4
chr1	25885459	25885484	4.8
chr1	25885484	25885509	4.4
chr1	25885509	25885534	3.44
chr1	25885534	25885559	3
chr1	25885559	25885584	4.44
chr1	25885584	25885634	4.08
chr1	25885634	25885659	5.32
chr1	25885659	25885684	5.24
chr1	25885684	25885734	6
chr1	25885734	25885759	5.76
chr1	25885759	25885784	5.24
chr1	25885784	25885809	6
chr1	25885809	25885834	5.28
chr1	25885834	25885859	3.04
chr1	25885859	25885884	2.28
chr1	25885884	25885909	2.8
chr1	25885909	25885934	3
chr1	25885934	25885959	2
chr1	25885959	25885984	1.16
chr1	25885984	25886009	1
chr1	25886009	25886034	1.32
chr1	25886034	25886059	2.12
chr1	25886059	25886084	2.6
chr1	25886084	25886109	2.72
chr1	25886109	25886134	3.56
chr1	25886134	25886184	5
chr1	25886184	25886234	5.08
chr1	25886234	25886259	4.28
chr1	25886259	25886284	5.12
chr1	25886284	25886309	4.92
chr1	25886309	25886334	3.32
chr1	25886334	25886359	4.88
chr1	25886359	25886384	6.92
chr1	25886384	25886409	6.32
chr1	25886409	25886434	6.8
chr1	25886434	25886459	7.24
chr1	25886459	25886484	6.16
chr1	25886484	25886509	7
chr1	25886509	25886534	6.92
chr1	25886534	25886559	4.48
chr1	25886559	25886584	4
chr1	25886584	25886609	3.92
chr1	25886609	25886634	3.52
chr1	25886634	25886659	3
chr1	25886659	25886684	2.24
chr1	25886684	25886709	1.8
chr1	25886709	25886734	1.24
chr1	25886734	25886784	2
chr1	25886784	25886834	1.08
chr1	25886834	25886859	2
chr1	25886859	25886884	2.76
chr1	25886884	25886909	3.2
chr1	25886909	25886934	3.44
chr1	25886934	25886959	4.64
chr1	25886959	25886984	5
chr1	25886984	25887009	5.76
chr1	25887009	25887034	6.12
chr1	25887034	25887059	5.64
chr1	25887059	25887084	6
chr1	25887084	25887109	6.2
chr1	25887109	25887134	4.88
chr1	25887134	25887159	4
chr1	25887159	25887184	4.4
chr1	25887184	25887209	4.6
chr1	25887209	25887234	5
chr1	25887234	25887259	6
chr1	25887259	25887284	8.52
chr1	25887284	25887309	10.4
chr1	25887309	25887334	12
chr1	25887334	25887359	13.32
chr1	25887359	25887384	12.84
chr1	25887384	25887409	13.88
chr1	25887409	25887434	14.68
chr1	25887434	25887459	11.52
chr1	25887459	25887484	9.44
chr1	25887484	25887509	7.4
chr1	25887509	25887534	6.44
chr1	25887534	25887559	4.64
chr1	25887559	25887584	3.48
chr1	25887584	25887609	1.6
chr1	25887609	25887634	1.84
chr1	25887634	25887784	1
chr1	25887784	25887809	0.84
chr1	25887809	25887959	1
chr1	25887959	25887984	0.6
chr1	25888084	25888109	0.04
chr1	25888109	25888284	1
chr1	25888284	25888309	1.44
chr1	25888309	25888359	2
chr1	25888359	25888384	2.92
chr1	25888384	25888409	4.32
chr1	25888409	25888434	7.12
chr1	25888434	25888459	9.64
chr1	25888459	25888484	11.56
chr1	25888484	25888509	12.32
chr1	25888509	25888534	15.6
chr1	25888534	25888559	19.28
chr1	25888559	25888584	21.92
chr1	25888584	25888609	22
chr1	25888609	25888634	20.52
chr1	25888634	25888659	22
chr1	25888659	25888684	24
chr1	25888684	25888709	23.64
chr1	25888709	25888734	24.12
chr1	25888734	25888759	24.2
chr1	25888759	25888784	27.36
chr1	25888784	25888809	31.32
chr1	25888809	25888834	33.76
chr1	25888834	25888859	33.04
chr1	25888859	25888884	34.08
chr1	25888884	25888909	31.2
chr1	25888909	25888934	28.36
chr1	25888934	25888959	23.56
chr1	25888959	25888984	18.4
chr1	25888984	25889009	17.84
chr1	25889009	25889034	15.16
chr1	25889034	25889059	16.84
chr1	25889059	25889084	16.4
chr1	25889084	25889109	17
chr1	25889109	25889134	17.28
chr1	25889134	25889159	17.44
chr1	25889159	25889184	16.44
chr1	25889184	25889209	16.64
chr1	25889209	25889234	12.8
chr1	25889234	25889259	12.76
chr1	25889259	25889284	12.12
chr1	25889284	25889309	14.44
chr1	25889309	25889334	14.68
chr1	25889334	25889359	17.36
chr1	25889359	25889384	16.6
chr1	25889384	25889409	18.96
chr1	25889409	25889434	19.12
chr1	25889434	25889459	21.48
chr1	25889459	25889484	25.72
chr1	25889484	25889509	30.24
chr1	25889509	25889534	33.52
chr1	25889534	25889559	34.08
chr1	25889559	25889584	34.2
chr1	25889584	25889609	36.08
chr1	25889609	25889634	36.32
chr1	25889634	25889659	32.84
chr1	25889659	25889684	27.8
chr1	25889684	25889709	26.08
chr1	25889709	25889734	28.2
chr1	25889734	25889759	34.6
chr1	25889759	25889784	36.52
chr1	25889784	25889809	38.12
chr1	25889809	25889834	43.08
chr1	25889834	25889859	48.44
chr1	25889859	25889884	53.72
chr1	25889884	25889909	53.76
chr1	25889909	25889934	52.56
chr1	25889934	25889959	51.68
chr1	25889959	25889984	50.2
chr1	25889984	25890009	52.28
chr1	25890009	25890034	57.56
chr1	25890034	25890084	53.68
chr1	25890084	25890109	51.88
chr1	25890109	25890134	48.28
chr1	25890134	25890159	45.16
chr1	25890159	25890184	46.44
chr1	25890184	25890209	39.84
chr1	25890209	25890234	40.16
chr1	25890234	25890259	40.92
chr1	25890259	25890284	40.56
chr1	25890284	25890309	39.16
chr1	25890309	25890334	37.52
chr1	25890334	25890359	36.92
chr1	25890359	25890384	35.56
chr1	25890384	25890409	32.64
chr1	25890409	25890434	27.04
chr1	25890434	25890459	26.72
chr1	25890459	25890484	26.2
chr1	25890484	25890509	29.76
chr1	25890509	25890534	34.76
chr1	25890534	25890559	35.24
chr1	25890559	25890584	35.96
chr1	25890584	25890609	42.2
chr1	25890609	25890634	42.8
chr1	25890634	25890659	43.32
chr1	25890659	25890684	49.12
chr1	25890684	25890709	49.88
chr1	25890709	25890734	53.16
chr1	25890734	25890759	54.24
chr1	25890759	25890784	47.48
chr1	25890784	25890809	48.36
chr1	25890809	25890834	52.8
chr1	25890834	25890859	49.92
chr1	25890859	25890884	47.04
chr1	25890884	25890909	42.84
chr1	25890909	25890934	38.84
chr1	25890934	25890959	38.64
chr1	25890959	25890984	36.8
chr1	25890984	25891009	27.04
chr1	25891009	25891034	21.16
chr1	25891034	25891059	19.44
chr1	25891059	25891084	14.24
chr1	25891084	25891109	10.76
chr1	25891109	25891134	8.2
chr1	25891134	25891159	5.8
chr1	25891159	25891184	5.28
chr1	25891184	25891209	7
chr1	25891209	25891234	6.92
chr1	25891234	25891259	5.44
chr1	25891259	25891284	6
chr1	25891284	25891309	5.16
chr1	25891309	25891334	5.72
chr1	25891334	25891359	6
chr1	25891359	25891384	6.32
chr1	25891384	25891409	6.16
chr1	25891409	25891434	5
chr1	25891434	25891459	4.56
chr1	25891459	25891484	5.88
chr1	25891484	25891509	5.68
chr1	25891509	25891534	5
chr1	25891534	25891559	4.4
chr1	25891559	25891609	2
chr1	25891609	25891634	1.92
chr1	25891634	25891659	0.96
chr1	25891659	25891684	1.88
chr1	25891684	25891759	2
chr1	25891759	25891784	2.52
chr1	25891784	25891809	3.12
chr1	25891809	25891834	3.96
chr1	25891834	25891859	2.52
chr1	25891859	25891934	2
chr1	25891934	25891959	1.88
chr1	25891959	25891984	1
chr1	25891984	25892009	0.28
chr1	25892034	25892059	0.76
chr1	25892059	25892084	1
chr1	25892084	25892109	1.6
chr1	25892109	25892209	2
chr1	25892209	25892234	2.92
chr1	25892234	25892259	3
chr1	25892259	25892284	2.8
chr1	25892284	25892384	2
chr1	25892384	25892409	1.72
chr1	25892409	25892434	1.8
chr1	25892434	25892459	4.6
chr1	25892459	25892484	6.08
chr1	25892484	25892509	7.04
chr1	25892509	25892559	8
chr1	25892559	25892584	9.28
chr1	25892584	25892609	8.8
chr1	25892609	25892634	7.04
chr1	25892634	25892659	6.56
chr1	25892659	25892684	6.32
chr1	25892684	25892709	6.08
chr1	25892709	25892734	6
chr1	25892734	25892759	6.76
chr1	25892759	25892784	6
chr1	25892784	25892809	6.24
chr1	25892809	25892834	6.52
chr1	25892834	25892859	5
chr1	25892859	25892884	4.68
chr1	25892884	25892909	4
chr1	25892909	25892934	3.56
chr1	25892934	25892959	2.8
chr1	25892959	25892984	3
chr1	25892984	25893009	1.64
chr1	25893009	25893034	1.48
chr1	25893034	25893059	2.28
chr1	25893059	25893109	3
chr1	25893109	25893134	2.6
chr1	25893134	25893184	2
chr1	25893184	25893209	2.2
chr1	25893209	25893234	2.8
chr1	25893234	25893259	2.44
chr1	25893259	25893284	4
chr1	25893284	25893309	4.28
chr1	25893309	25893334	5
chr1	25893334	25893359	5.6
chr1	25893359	25893384	6.56
chr1	25893384	25893409	6.72
chr1	25893409	25893434	6.96
chr1	25893434	25893459	5.48
chr1	25893459	25893484	5
chr1	25893484	25893509	4.12
chr1	25893509	25893534	3.8
chr1	25893534	25893559	3.12
chr1	25893559	25893584	2.24
chr1	25893584	25893609	1.44
chr1	25893609	25893709	1
chr1	25893709	25893734	1.6
chr1	25893734	25893759	1.28
chr1	25893759	25893784	2.84
chr1	25893784	25893809	4.2
chr1	25893809	25893834	5.84
chr1	25893834	25893859	8
chr1	25893859	25893884	9.52
chr1	25893884	25893909	10.8
chr1	25893909	25893934	10
chr1	25893934	25893959	9.76
chr1	25893959	25893984	9.64
chr1	25893984	25894009	10.88
chr1	25894009	25894034	8.72
chr1	25894034	25894059	8.56
chr1	25894059	25894084	6.12
chr1	25894084	25894109	6.36
chr1	25894109	25894134	7.32
chr1	25894134	25894159	7.76
chr1	25894159	25894209	4.52
chr1	25894209	25894234	4.24
chr1	25894234	25894284	4
chr1	25894284	25894309	3.04
chr1	25894309	25894334	1.28
chr1	25894334	25894359	1
chr1	25894359	25894384	0.88
chr1	25894384	25894409	0.68
chr1	25894409	25894509	1
chr1	25894509	25894534	1.6
chr1	25894534	25894559	2.48
chr1	25894559	25894584	2.72
chr1	25894584	25894609	2
chr1	25894609	25894634	2.6
chr1	25894634	25894659	3
chr1	25894659	25894684	3.04
chr1	25894684	25894709	3.8
chr1	25894709	25894734	2.92
chr1	25894734	25894784	2
chr1	25894784	25894809	1.8
chr1	25894809	25894859	1
chr1	25894859	25894884	0.36
chr1	25894884	25894909	0.96
chr1	25894909	25894934	1.48
chr1	25894934	25894959	2.36
chr1	25894959	25894984	4.28
chr1	25894984	25895009	5.12
chr1	25895009	25895034	6.16
chr1	25895034	25895059	8.36
chr1	25895059	25895084	12.56
chr1	25895084	25895109	13.92
chr1	25895109	25895134	14.12
chr1	25895134	25895159	14.56
chr1	25895159	25895184	14.16
chr1	25895184	25895209	14.28
chr1	25895209	25895234	13.12
chr1	25895234	25895259	12.4
chr1	25895259	25895284	14.2
chr1	25895284	25895309	16.72
chr1	25895309	25895334	16.56
chr1	25895334	25895359	16.64
chr1	25895359	25895384	15.32
chr1	25895384	25895409	16.76
chr1	25895409	25895434	18.48
chr1	25895434	25895459	12.96
chr1	25895459	25895484	11.08
chr1	25895484	25895509	9.64
chr1	25895509	25895534	8.4
chr1	25895534	25895559	11.28
chr1	25895559	25895584	12.88
chr1	25895584	25895609	12.44
chr1	25895609	25895634	16
chr1	25895634	25895659	23.48
chr1	25895659	25895684	34.2
chr1	25895684	25895709	50.84
chr1	25895709	25895734	61.2
chr1	25895734	25895759	69.48
chr1	25895759	25895784	72.08
chr1	25895784	25895809	74.96
chr1	25895809	25895834	74.76
chr1	25895834	25895859	70.32
chr1	25895859	25895884	59.6
chr1	25895884	25895909	46.32
chr1	25895909	25895984	36.72
chr1	25895984	25896009	31.72
chr1	25896009	25896034	29.76
chr1	25896034	25896059	27.72
chr1	25896059	25896084	28.04
chr1	25896084	25896109	27.76
chr1	25896109	25896134	26.44
chr1	25896134	25896159	21.6
chr1	25896159	25896184	22.92
chr1	25896184	25896209	24.4
chr1	25896209	25896234	22
chr1	25896234	25896259	24.2
chr1	25896259	25896284	23.84
chr1	25896284	25896309	24
chr1	25896309	25896334	23.16
chr1	25896334	25896359	21.36
chr1	25896359	25896384	17.08
chr1	25896384	25896409	14.72
chr1	25896409	25896434	12.08
chr1	25896434	25896459	10.16
chr1	25896459	25896484	8.12
chr1	25896484	25896509	8.76
chr1	25896509	25896534	9.68
chr1	25896534	25896559	10.4
chr1	25896559	25896584	11.84
chr1	25896584	25896609	11.48
chr1	25896609	25896634	10.8
chr1	25896634	25896659	10.96
chr1	25896659	25896684	11.72
chr1	25896684	25896709	10.48
chr1	25896709	25896734	8
chr1	25896734	25896759	6.4
chr1	25896759	25896784	7.2
chr1	25896784	25896809	9.44
chr1	25896809	25896834	11.24
chr1	25896834	25896859	13.04
chr1	25896859	25896884	11.52
chr1	25896884	25896909	11
chr1	25896909	25896934	11.04
chr1	25896934	25896959	11.4
chr1	25896959	25896984	8.56
chr1	25896984	25897009	6.36
chr1	25897009	25897034	2.64
chr1	25897034	25897059	1.8
chr1	25897059	25897109	1
chr1	25897109	25897134	0.36
chr1	25897209	25897234	0.64
chr1	25897234	25897309	1
chr1	25897309	25897334	1.04
chr1	25897334	25897359	2.56
chr1	25897359	25897384	4
chr1	25897384	25897409	3.76
chr1	25897409	25897434	3.24
chr1	25897434	25897459	5.64
chr1	25897459	25897484	7.04
chr1	25897484	25897509	8.76
chr1	25897509	25897534	8.36
chr1	25897534	25897559	6.24
chr1	25897559	25897584	6.84
chr1	25897584	25897609	7.6
chr1	25897609	25897634	7.36
chr1	25897634	25897659	6.68
chr1	25897659	25897684	5.68
chr1	25897684	25897709	6
chr1	25897709	25897759	6.56
chr1	25897759	25897784	5.8
chr1	25897784	25897809	4.96
chr1	25897809	25897834	4.08
chr1	25897834	25897859	3.84
chr1	25897859	25897884	2
chr1	25897884	25897909	2.48
chr1	25897909	25897934	2.92
chr1	25897934	25897984	3
chr1	25897984	25898009	2.12
chr1	25898009	25898034	2.16
chr1	25898034	25898059	3.16
chr1	25898059	25898084	3.76
chr1	25898084	25898109	2.48
chr1	25898109	25898184	2
chr1	25898184	25898209	2.52
chr1	25898209	25898234	3.04
chr1	25898234	25898259	3
chr1	25898259	25898284	4
chr1	25898284	25898309	5.28
chr1	25898309	25898334	7.2
chr1	25898334	25898359	9
chr1	25898359	25898384	8.88
chr1	25898384	25898409	7.6
chr1	25898409	25898434	7
chr1	25898434	25898459	5.04
chr1	25898459	25898484	5.8
chr1	25898484	25898509	4.32
chr1	25898509	25898534	2.6
chr1	25898534	25898559	2.2
chr1	25898559	25898584	3
chr1	25898584	25898609	3.64
chr1	25898609	25898634	4.36
chr1	25898634	25898659	5.24
chr1	25898659	25898684	5.12
chr1	25898684	25898709	6.6
chr1	25898709	25898734	7
chr1	25898734	25898759	6.2
chr1	25898759	25898784	6.48
chr1	25898784	25898809	6
chr1	25898809	25898834	4.88
chr1	25898834	25898859	3.4
chr1	25898859	25898884	3.2
chr1	25898884	25898909	3.28
chr1	25898909	25898934	5.04
chr1	25898934	25898959	6
chr1	25898959	25898984	7.76
chr1	25898984	25899009	8.84
chr1	25899009	25899034	9
chr1	25899034	25899059	8.48
chr1	25899059	25899084	9.6
chr1	25899084	25899109	9.16
chr1	25899109	25899134	8.36
chr1	25899134	25899159	6.28
chr1	25899159	25899184	6.32
chr1	25899184	25899209	6
chr1	25899209	25899234	6.96
chr1	25899234	25899259	6.12
chr1	25899259	25899284	3.88
chr1	25899284	25899309	4
chr1	25899309	25899334	4.6
chr1	25899334	25899359	3.88
chr1	25899359	25899384	3.24
chr1	25899384	25899409	3.44
chr1	25899409	25899434	3.68
chr1	25899434	25899459	3.88
chr1	25899459	25899484	3
chr1	25899484	25899509	2.8
chr1	25899509	25899559	2
chr1	25899559	25899584	1.48
chr1	25899584	25899609	1.72
chr1	25899609	25899634	1
chr1	25899634	25899659	2.88
chr1	25899659	25899684	4.84
chr1	25899684	25899709	5.32
chr1	25899709	25899734	6
chr1	25899734	25899759	6.28
chr1	25899759	25899784	6.08
chr1	25899784	25899809	7.56
chr1	25899809	25899834	8.16
chr1	25899834	25899859	5.68
chr1	25899859	25899884	6.04
chr1	25899884	25899909	6.6
chr1	25899909	25899934	8.48
chr1	25899934	25899959	9.12
chr1	25899959	25899984	8.24
chr1	25899984	25900009	6.68
chr1	25900009	25900034	7.28
chr1	25900034	25900059	7.64
chr1	25900059	25900084	6.32
chr1	25900084	25900109	8.16
chr1	25900109	25900134	6.28
chr1	25900134	25900184	6
chr1	25900184	25900209	5.36
chr1	25900209	25900234	5.12
chr1	25900234	25900259	5
chr1	25900259	25900284	3.96
chr1	25900284	25900309	3
chr1	25900309	25900384	4
chr1	25900384	25900409	3.2
chr1	25900409	25900434	3
chr1	25900434	25900459	3.16
chr1	25900459	25900484	2.72
chr1	25900484	25900509	2.56
chr1	25900509	25900534	4.88
chr1	25900534	25900559	5.44
chr1	25900559	25900609	6
chr1	25900609	25900634	6.36
chr1	25900634	25900659	5.68
chr1	25900659	25900684	5
chr1	25900684	25900709	3.16
chr1	25900709	25900734	2.52
chr1	25900734	25900759	2.48
chr1	25900759	25900784	3
chr1	25900784	25900809	2.68
chr1	25900809	25900884	2
chr1	25900884	25900934	1.92
chr1	25900934	25901009	1
chr1	25901009	25901034	1.88
chr1	25901034	25901084	2
chr1	25901084	25901109	1.32
chr1	25901109	25901134	1.12
chr1	25901134	25901159	2.16
chr1	25901159	25901184	3.84
chr1	25901184	25901209	3.52
chr1	25901209	25901234	3
chr1	25901234	25901259	4.08
chr1	25901259	25901284	6.24
chr1	25901284	25901309	7.8
chr1	25901309	25901334	8.28
chr1	25901334	25901359	7.6
chr1	25901359	25901384	11.24
chr1	25901384	25901409	12.68
chr1	25901409	25901434	13.76
chr1	25901434	25901459	12.32
chr1	25901459	25901484	11.72
chr1	25901484	25901509	11.04
chr1	25901509	25901534	13.88
chr1	25901534	25901559	11.52
chr1	25901559	25901584	9.12
chr1	25901584	25901609	8
chr1	25901609	25901634	7.44
chr1	25901634	25901659	6.48
chr1	25901659	25901684	7.32
chr1	25901684	25901709	4.92
chr1	25901709	25901734	4.8
chr1	25901734	25901759	6
chr1	25901759	25901784	5.56
chr1	25901784	25901809	5
chr1	25901809	25901834	6.36
chr1	25901834	25901859	6.56
chr1	25901859	25901884	7.16
chr1	25901884	25901909	7.36
chr1	25901909	25901959	6.04
chr1	25901959	25901984	7
chr1	25901984	25902009	6.44
chr1	25902009	25902034	5
chr1	25902034	25902059	3.92
chr1	25902059	25902084	2.36
chr1	25902084	25902109	5.24
chr1	25902109	25902134	5.8
chr1	25902134	25902159	5.36
chr1	25902159	25902184	6.44
chr1	25902184	25902259	7
chr1	25902259	25902284	5.24
chr1	25902284	25902309	3.6
chr1	25902309	25902334	3
chr1	25902334	25902359	3.36
chr1	25902359	25902384	2.4
chr1	25902384	25902409	4.56
chr1	25902409	25902434	5.96
chr1	25902434	25902459	6.96
chr1	25902459	25902484	7.64
chr1	25902484	25902509	11.56
chr1	25902509	25902534	15.84
chr1	25902534	25902559	17.24
chr1	25902559	25902584	17.36
chr1	25902584	25902609	18.16
chr1	25902609	25902634	18.36
chr1	25902634	25902659	19.4
chr1	25902659	25902684	18.76
chr1	25902684	25902709	16.36
chr1	25902709	25902734	16.88
chr1	25902734	25902759	17
chr1	25902759	25902784	16
chr1	25902784	25902809	15.24
chr1	25902809	25902834	14.8
chr1	25902834	25902859	13.4
chr1	25902859	25902884	14
chr1	25902884	25902909	10.4
chr1	25902909	25902934	8.92
chr1	25902934	25902959	7.88
chr1	25902959	25902984	6.84
chr1	25902984	25903009	5
chr1	25903009	25903034	5.24
chr1	25903034	25903059	3.68
chr1	25903059	25903084	3.88
chr1	25903084	25903109	3.64
chr1	25903109	25903134	3
chr1	25903134	25903159	4.32
chr1	25903159	25903184	6
chr1	25903184	25903209	6.76
chr1	25903209	25903234	8.76
chr1	25903234	25903259	9
chr1	25903259	25903284	10.28
chr1	25903284	25903309	11
chr1	25903309	25903334	12.44
chr1	25903334	25903359	12.52
chr1	25903359	25903384	14.4
chr1	25903384	25903409	13.28
chr1	25903409	25903434	13.96
chr1	25903434	25903459	14.52
chr1	25903459	25903484	13.04
chr1	25903484	25903509	12.4
chr1	25903509	25903534	10.12
chr1	25903534	25903559	10.8
chr1	25903559	25903584	10.28
chr1	25903584	25903609	10.36
chr1	25903609	25903634	10
chr1	25903634	25903659	12.72
chr1	25903659	25903684	14.72
chr1	25903684	25903709	16.16
chr1	25903709	25903734	15.32
chr1	25903734	25903759	14.52
chr1	25903759	25903784	15.04
chr1	25903784	25903809	12.76
chr1	25903809	25903834	10.56
chr1	25903834	25903859	10.72
chr1	25903859	25903884	11.04
chr1	25903884	25903909	11.56
chr1	25903909	25903934	16
chr1	25903934	25903959	16.04
chr1	25903959	25903984	17.48
chr1	25903984	25904009	23
chr1	25904009	25904034	25.08
chr1	25904034	25904059	27.6
chr1	25904059	25904084	30.76
chr1	25904084	25904109	32.24
chr1	25904109	25904134	31.68
chr1	25904134	25904159	30.88
chr1	25904159	25904184	31.36
chr1	25904184	25904209	32.2
chr1	25904209	25904234	30.6
chr1	25904234	25904259	31.12
chr1	25904259	25904284	26.88
chr1	25904284	25904309	26.72
chr1	25904309	25904334	29.24
chr1	25904334	25904359	32.12
chr1	25904359	25904384	30.92
chr1	25904384	25904409	29.08
chr1	25904409	25904434	28.12
chr1	25904434	25904459	30.24
chr1	25904459	25904484	29.64
chr1	25904484	25904509	28.12
chr1	25904509	25904534	24.64
chr1	25904534	25904559	23.44
chr1	25904559	25904584	23.12
chr1	25904584	25904609	24.6
chr1	25904609	25904659	22.36
chr1	25904659	25904684	26.08
chr1	25904684	25904709	28.64
chr1	25904709	25904734	26.96
chr1	25904734	25904759	27.36
chr1	25904759	25904784	25.08
chr1	25904784	25904809	21.76
chr1	25904809	25904834	23.04
chr1	25904834	25904859	21.08
chr1	25904859	25904884	15.64
chr1	25904884	25904909	14.52
chr1	25904909	25904934	11.84
chr1	25904934	25904959	10.56
chr1	25904959	25904984	11.16
chr1	25904984	25905009	10.72
chr1	25905009	25905034	9.88
chr1	25905034	25905059	9.04
chr1	25905059	25905084	9.76
chr1	25905084	25905109	12.16
chr1	25905109	25905134	12.8
chr1	25905134	25905159	13.68
chr1	25905159	25905184	12.52
chr1	25905184	25905209	10.52
chr1	25905209	25905234	10.12
chr1	25905234	25905259	10.44
chr1	25905259	25905284	7.84
chr1	25905284	25905309	5.6
chr1	25905309	25905334	4.4
chr1	25905334	25905359	3.04
chr1	25905359	25905384	3
chr1	25905384	25905409	2.4
chr1	25905409	25905434	1.28
chr1	25905434	25905459	0.52
chr1	25905609	25905634	0.04
chr1	25905634	25905759	1
chr1	25905759	25905784	1.36
chr1	25905784	25905809	2.4
chr1	25905809	25905834	2.36
chr1	25905834	25905859	2
chr1	25905859	25905884	2.24
chr1	25905884	25905959	3
chr1	25905959	25905984	2.04
chr1	25905984	25906059	1
chr1	25906059	25906084	0.16
chr1	25906334	25906359	0.04
chr1	25906359	25906384	1
chr1	25906384	25906409	1.8
chr1	25906409	25906434	2.36
#bedGraph section chr1:25881434-25911884
chr1	25900109	25900134	6.28
chr1	25900134	25900184	6
chr1	25900184	25900209	5.36
chr1	25900209	25900234	5.12
chr1	25900234	25900259	5
chr1	25900259	25900284	3.96
chr1	25900284	25900309	3
chr1	25900309	25900384	4
chr1	25900384	25900409	3.2
chr1	25900409	25900434	3
chr1	25900434	25900459	3.16
chr1	25900459	25900484	2.72
chr1	25900484	25900509	2.56
chr1	25900509	25900534	4.88
chr1	25900534	25900559	5.44
chr1	25900559	25900609	6
chr1	25900609	25900634	6.36
chr1	25900634	25900659	5.68
chr1	25900659	25900684	5
chr1	25900684	25900709	3.16
chr1	25900709	25900734	2.52
chr1	25900734	25900759	2.48
chr1	25900759	25900784	3
chr1	25900784	25900809	2.68
chr1	25900809	25900884	2
chr1	25900884	25900934	1.92
chr1	25900934	25901009	1
chr1	25901009	25901034	1.88
chr1	25901034	25901084	2
chr1	25901084	25901109	1.32
chr1	25901109	25901134	1.12
chr1	25901134	25901159	2.16
chr1	25901159	25901184	3.84
chr1	25901184	25901209	3.52
chr1	25901209	25901234	3
chr1	25901234	25901259	4.08
chr1	25901259	25901284	6.24
chr1	25901284	25901309	7.8
chr1	25901309	25901334	8.28
chr1	25901334	25901359	7.6
chr1	25901359	25901384	11.24
chr1	25901384	25901409	12.68
chr1	25901409	25901434	13.76
chr1	25901434	25901459	12.32
chr1	25901459	25901484	11.72
chr1	25901484	25901509	11.04
chr1	25901509	25901534	13.88
chr1	25901534	25901559	11.52
chr1	25901559	25901584	9.12
chr1	25901584	25901609	8
chr1	25901609	25901634	7.44
chr1	25901634	25901659	6.48
chr1	25901659	25901684	7.32
chr1	25901684	25901709	4.92
chr1	25901709	25901734	4.8
chr1	25901734	25901759	6
chr1	25901759	25901784	5.56
chr1	25901784	25901809	5
chr1	25901809	25901834	6.36
chr1	25901834	25901859	6.56
chr1	25901859	25901884	7.16
chr1	25901884	25901909	7.36
chr1	25901909	25901959	6.04
chr1	25901959	25901984	7
chr1	25901984	25902009	6.44
chr1	25902009	25902034	5
chr1	25902034	25902059	3.92
chr1	25902059	25902084	2.36
chr1	25902084	25902109	5.24
chr1	25902109	25902134	5.8
chr1	25902134	25902159	5.36
chr1	25902159	25902184	6.44
chr1	25902184	25902259	7
chr1	25902259	25902284	5.24
chr1	25902284	25902309	3.6
chr1	25902309	25902334	3
chr1	25902334	25902359	3.36
chr1	25902359	25902384	2.4
chr1	25902384	25902409	4.56
chr1	25902409	25902434	5.96
chr1	25902434	25902459	6.96
chr1	25902459	25902484	7.64
chr1	25902484	25902509	11.56
chr1	25902509	25902534	15.84
chr1	25902534	25902559	17.24
chr1	25902559	25902584	17.36
chr1	25902584	25902609	18.16
chr1	25902609	25902634	18.36
chr1	25902634	25902659	19.4
chr1	25902659	25902684	18.76
chr1	25902684	25902709	16.36
chr1	25902709	25902734	16.88
chr1	25902734	25902759	17
chr1	25902759	25902784	16
chr1	25902784	25902809	15.24
chr1	25902809	25902834	14.8
chr1	25902834	25902859	13.4
chr1	25902859	25902884	14
chr1	25902884	25902909	10.4
chr1	25902909	25902934	8.92
chr1	25902934	25902959	7.88
chr1	25902959	25902984	6.84
chr1	25902984	25903009	5
chr1	25903009	25903034	5.24
chr1	25903034	25903059	3.68
chr1	25903059	25903084	3.88
chr1	25903084	25903109	3.64
chr1	25903109	25903134	3
chr1	25903134	25903159	4.32
chr1	25903159	25903184	6
chr1	25903184	25903209	6.76
chr1	25903209	25903234	8.76
chr1	25903234	25903259	9
chr1	25903259	25903284	10.28
chr1	25903284	25903309	11
chr1	25903309	25903334	12.44
chr1	25903334	25903359	12.52
chr1	25903359	25903384	14.4
chr1	25903384	25903409	13.28
chr1	25903409	25903434	13.96
chr1	25903434	25903459	14.52
chr1	25903459	25903484	13.04
chr1	25903484	25903509	12.4
chr1	25903509	25903534	10.12
chr1	25903534	25903559	10.8
chr1	25903559	25903584	10.28
chr1	25903584	25903609	10.36
chr1	25903609	25903634	10
chr1	25903634	25903659	12.72
chr1	25903659	25903684	14.72
chr1	25903684	25903709	16.16
chr1	25903709	25903734	15.32
chr1	25903734	25903759	14.52
chr1	25903759	25903784	15.04
chr1	25903784	25903809	12.76
chr1	25903809	25903834	10.56
chr1	25903834	25903859	10.72
chr1	25903859	25903884	11.04
chr1	25903884	25903909	11.56
chr1	25903909	25903934	16
chr1	25903934	25903959	16.04
chr1	25903959	25903984	17.48
chr1	25903984	25904009	23
chr1	25904009	25904034	25.08
chr1	25904034	25904059	27.6
chr1	25904059	25904084	30.76
chr1	25904084	25904109	32.24
chr1	25904109	25904134	31.68
chr1	25904134	25904159	30.88
chr1	25904159	25904184	31.36
chr1	25904184	25904209	32.2
chr1	25904209	25904234	30.6
chr1	25904234	25904259	31.12
chr1	25904259	25904284	26.88
chr1	25904284	25904309	26.72
chr1	25904309	25904334	29.24
chr1	25904334	25904359	32.12
chr1	25904359	25904384	30.92
chr1	25904384	25904409	29.08
chr1	25904409	25904434	28.12
chr1	25904434	25904459	30.24
chr1	25904459	25904484	29.64
chr1	25904484	25904509	28.12
chr1	25904509	25904534	24.64
chr1	25904534	25904559	23.44
chr1	25904559	25904584	23.12
chr1	25904584	25904609	24.6
chr1	25904609	25904659	22.36
chr1	25904659	25904684	26.08
chr1	25904684	25904709	28.64
chr1	25904709	25904734	26.96
chr1	25904734	25904759	27.36
chr1	25904759	25904784	25.08
chr1	25904784	25904809	21.76
chr1	25904809	25904834	23.04
chr1	25904834	25904859	21.08
chr1	25904859	25904884	15.64
chr1	25904884	25904909	14.52
chr1	25904909	25904934	11.84
chr1	25904934	25904959	10.56
chr1	25904959	25904984	11.16
chr1	25904984	25905009	10.72
chr1	25905009	25905034	9.88
chr1	25905034	25905059	9.04
chr1	25905059	25905084	9.76
chr1	25905084	25905109	12.16
chr1	25905109	25905134	12.8
chr1	25905134	25905159	13.68
chr1	25905159	25905184	12.52
chr1	25905184	25905209	10.52
chr1	25905209	25905234	10.12
chr1	25905234	25905259	10.44
chr1	25905259	25905284	7.84
chr1	25905284	25905309	5.6
chr1	25905309	25905334	4.4
chr1	25905334	25905359	3.04
chr1	25905359	25905384	3
chr1	25905384	25905409	2.4
chr1	25905409	25905434	1.28
chr1	25905434	25905459	0.52
chr1	25905609	25905634	0.04
chr1	25905634	25905759	1
chr1	25905759	25905784	1.36
chr1	25905784	25905809	2.4
chr1	25905809	25905834	2.36
chr1	25905834	25905859	2
chr1	25905859	25905884	2.24
chr1	25905884	25905959	3
chr1	25905959	25905984	2.04
chr1	25905984	25906059	1
chr1	25906059	25906084	0.16
chr1	25906334	25906359	0.04
chr1	25906359	25906384	1
chr1	25906384	25906409	1.8
chr1	25906409	25906434	2.36
chr1	25906434	25906534	3
chr1	25906534	25906559	3.08
chr1	25906559	25906584	2.8
chr1	25906584	25906609	4.08
chr1	25906609	25906634	4.8
chr1	25906634	25906659	5.92
chr1	25906659	25906684	8.08
chr1	25906684	25906709	10.8
chr1	25906709	25906734	12.32
chr1	25906734	25906759	13.68
chr1	25906759	25906784	19.4
chr1	25906784	25906809	20.72
chr1	25906809	25906834	20.56
chr1	25906834	25906859	20.64
chr1	25906859	25906884	22.36
