track type=wiggle_0 name="K562" description="H3K27Ac Mark (Often Found Near Regulatory Elements) on K562 Cells from ENCODE"
#bedGraph section chr1:25864484-25903384
chr1	25884084	25884259	1
chr1	25884259	25884284	0.36
chr1	25884284	25884309	0.28
chr1	25884309	25884484	1
chr1	25884484	25884509	0.28
chr1	25884709	25884734	0.08
chr1	25884734	25884759	1.36
chr1	25884759	25884834	2
chr1	25884834	25884859	2.04
chr1	25884859	25884909	3
chr1	25884909	25884934	2.48
chr1	25884934	25884959	1.2
chr1	25884959	25885034	1
chr1	25885034	25885059	0.52
chr1	25885109	25885134	0.32
chr1	25885134	25885184	1
chr1	25885184	25885209	1.08
chr1	25885209	25885259	2
chr1	25885259	25885284	4.88
chr1	25885284	25885309	5
chr1	25885309	25885334	4.24
chr1	25885334	25885359	4.04
chr1	25885359	25885384	5
chr1	25885384	25885409	5.84
chr1	25885409	25885434	7.68
chr1	25885434	25885459	8
chr1	25885459	25885534	7
chr1	25885534	25885559	6.52
chr1	25885559	25885584	5.76
chr1	25885584	25885609	3.44
chr1	25885609	25885634	3.92
chr1	25885634	25885784	3
chr1	25885784	25885809	2.2
chr1	25885809	25885834	1.48
chr1	25885834	25885859	1
chr1	25885859	25885884	1.36
chr1	25885884	25885984	2
chr1	25885984	25886009	1.56
chr1	25886009	25886059	1
chr1	25886059	25886084	0.56
chr1	25886084	25886259	1
chr1	25886259	25886284	0.2
chr1	25888034	25888059	0.68
chr1	25888059	25888084	1
chr1	25888084	25888109	1.52
chr1	25888109	25888159	2
chr1	25888159	25888184	3.28
chr1	25888184	25888209	5
chr1	25888209	25888234	4.88
chr1	25888234	25888259	4.12
chr1	25888259	25888284	5
chr1	25888284	25888309	4.04
chr1	25888309	25888334	4
chr1	25888334	25888359	3.76
chr1	25888359	25888384	1.8
chr1	25888384	25888409	2.4
chr1	25888409	25888434	4
chr1	25888434	25888459	3.92
chr1	25888459	25888484	5.6
chr1	25888484	25888509	9.4
chr1	25888509	25888559	15
chr1	25888559	25888584	15.4
chr1	25888584	25888609	14.2
chr1	25888609	25888634	14
chr1	25888634	25888659	12.6
chr1	25888659	25888684	11.8
chr1	25888684	25888709	5.84
chr1	25888709	25888734	5.6
chr1	25888734	25888759	5.56
chr1	25888759	25888784	5
chr1	25888784	25888809	4.36
chr1	25888809	25888834	5
chr1	25888834	25888859	4.76
chr1	25888859	25888884	3.72
chr1	25888884	25888909	2.16
chr1	25888909	25888934	1
chr1	25888934	25888959	1.48
chr1	25888959	25888984	3.48
chr1	25888984	25889009	4.04
chr1	25889009	25889034	5
chr1	25889034	25889059	6.12
chr1	25889059	25889134	7
chr1	25889134	25889159	6.44
chr1	25889159	25889184	5.92
chr1	25889184	25889209	5.56
chr1	25889209	25889234	6.36
chr1	25889234	25889334	7
chr1	25889334	25889359	6.28
chr1	25889359	25889384	6
chr1	25889384	25889409	4.08
chr1	25889409	25889434	3.12
chr1	25889434	25889459	3.16
chr1	25889459	25889484	4.64
chr1	25889484	25889509	6.4
chr1	25889509	25889534	6.6
chr1	25889534	25889559	6.24
chr1	25889559	25889609	7
chr1	25889609	25889634	5.32
chr1	25889634	25889659	4.4
chr1	25889659	25889684	2.48
chr1	25889684	25889709	1.16
chr1	25889709	25889734	1
chr1	25889734	25889759	0.32
chr1	25889834	25889859	0.44
chr1	25889859	25889884	5.2
chr1	25889884	25889959	6
chr1	25889959	25889984	6.56
chr1	25889984	25890034	7
chr1	25890034	25890059	5.28
chr1	25890059	25890084	5.6
chr1	25890084	25890109	7.24
chr1	25890109	25890134	9.2
chr1	25890134	25890159	10
chr1	25890159	25890209	9
chr1	25890209	25890234	10
chr1	25890234	25890259	8.96
chr1	25890259	25890284	6.64
chr1	25890284	25890309	7.24
chr1	25890309	25890334	5.56
chr1	25890334	25890359	7
chr1	25890359	25890384	8.64
chr1	25890384	25890409	8.8
chr1	25890409	25890434	7.32
chr1	25890434	25890459	7.6
chr1	25890459	25890484	5.4
chr1	25890484	25890509	5
chr1	25890509	25890534	3.56
chr1	25890534	25890559	2.48
chr1	25890559	25890584	2.32
chr1	25890584	25890609	6.16
chr1	25890609	25890634	9.16
chr1	25890634	25890659	9.36
chr1	25890659	25890684	10
chr1	25890684	25890709	11.52
chr1	25890709	25890734	12
chr1	25890734	25890759	13.2
chr1	25890759	25890784	11.28
chr1	25890784	25890809	8.36
chr1	25890809	25890834	6
chr1	25890834	25890859	5.2
chr1	25890859	25890884	4.6
chr1	25890884	25890909	3
chr1	25890909	25890934	2.68
chr1	25890934	25890959	1.04
chr1	25890959	25890984	1.4
chr1	25890984	25891134	1
chr1	25891134	25891159	0.52
chr1	25891359	25891384	0.32
chr1	25891384	25891409	1.32
chr1	25891409	25891434	3
chr1	25891434	25891459	3.84
chr1	25891459	25891484	4
chr1	25891484	25891509	4.44
chr1	25891509	25891559	5
chr1	25891559	25891584	4.24
chr1	25891584	25891609	2.8
chr1	25891609	25891634	2.4
chr1	25891634	25891659	2.72
chr1	25891659	25891684	3
chr1	25891684	25891709	2.12
chr1	25891709	25891734	2.48
chr1	25891734	25891784	3
chr1	25891784	25891809	3.48
chr1	25891809	25891834	2.84
chr1	25891834	25891909	2
chr1	25891909	25891934	1.08
chr1	25891934	25891959	1
chr1	25891959	25891984	0.96
chr1	25891984	25892159	1
chr1	25892159	25892184	0.56
chr1	25892234	25892259	0.12
chr1	25892259	25892359	1
chr1	25892359	25892384	1.52
chr1	25892384	25892409	2
chr1	25892409	25892434	2.44
chr1	25892434	25892459	2.64
chr1	25892459	25892559	3
chr1	25892559	25892584	2.04
chr1	25892584	25892609	2
chr1	25892609	25892634	1.12
chr1	25892634	25892659	0.36
chr1	25892684	25892709	0.56
chr1	25892709	25892884	1
chr1	25893234	25893259	0.08
chr1	25893259	25893284	1
chr1	25893284	25893309	1.36
chr1	25893309	25893334	2
chr1	25893334	25893359	2.32
chr1	25893359	25893384	3.08
chr1	25893384	25893434	4
chr1	25893434	25893459	3.76
chr1	25893459	25893484	4
chr1	25893484	25893509	3.2
chr1	25893509	25893534	3
chr1	25893534	25893559	2.24
chr1	25893559	25893584	1.48
chr1	25893584	25893634	1
chr1	25893634	25893659	0.28
chr1	25893809	25893834	0.76
chr1	25893834	25893859	1
chr1	25893859	25893884	1.32
chr1	25893884	25893934	2
chr1	25893934	25893959	2.56
chr1	25893959	25893984	3
chr1	25893984	25894009	2.8
chr1	25894009	25894034	3.08
chr1	25894034	25894059	5.12
chr1	25894059	25894084	5.24
chr1	25894084	25894134	5
chr1	25894134	25894159	4
chr1	25894159	25894184	4.8
chr1	25894184	25894209	4.72
chr1	25894209	25894234	2.88
chr1	25894234	25894259	1.44
chr1	25894259	25894334	1
chr1	25894334	25894359	1.24
chr1	25894359	25894384	3
chr1	25894384	25894409	3.32
chr1	25894409	25894484	4
chr1	25894484	25894509	5.92
chr1	25894509	25894534	6
chr1	25894534	25894559	4.2
chr1	25894559	25894584	3
chr1	25894584	25894609	2.24
chr1	25894609	25894659	2
chr1	25894659	25894684	2.8
chr1	25894684	25894734	2
chr1	25894734	25894759	2.16
chr1	25894759	25894834	3
chr1	25894834	25894859	2.52
chr1	25894859	25894934	1
chr1	25894934	25894959	1.92
chr1	25894959	25894984	2.12
chr1	25894984	25895034	3
chr1	25895034	25895059	3.96
chr1	25895059	25895109	4
chr1	25895109	25895134	3.6
chr1	25895134	25895159	2
chr1	25895159	25895184	1.44
chr1	25895184	25895209	1
chr1	25895209	25895234	0.6
chr1	25895434	25895459	0.8
chr1	25895459	25895609	1
chr1	25895609	25895634	0.76
chr1	25895634	25895659	0.92
chr1	25895659	25895684	1.88
chr1	25895684	25895709	3.12
chr1	25895709	25895734	5.92
chr1	25895734	25895759	8
chr1	25895759	25895784	9.4
chr1	25895784	25895809	10.12
chr1	25895809	25895834	11.52
chr1	25895834	25895859	10.96
chr1	25895859	25895884	11.4
chr1	25895884	25895909	10.6
chr1	25895909	25895934	8.8
chr1	25895934	25895959	9.72
chr1	25895959	25895984	8
chr1	25895984	25896009	8.52
chr1	25896009	25896034	8
chr1	25896034	25896059	7.28
chr1	25896059	25896084	6.64
chr1	25896084	25896109	7.24
chr1	25896109	25896134	5.4
chr1	25896134	25896159	5
chr1	25896159	25896184	5.28
chr1	25896184	25896209	5.68
chr1	25896209	25896259	6
chr1	25896259	25896284	5.8
chr1	25896284	25896309	5.24
chr1	25896309	25896334	8.28
chr1	25896334	25896359	10.4
chr1	25896359	25896384	9.44
chr1	25896384	25896409	10.4
chr1	25896409	25896434	11.52
chr1	25896434	25896459	14.04
chr1	25896459	25896484	14.84
chr1	25896484	25896509	13.56
chr1	25896509	25896534	11.08
chr1	25896534	25896559	11.16
chr1	25896559	25896584	10.2
chr1	25896584	25896609	8.64
chr1	25896609	25896634	7.28
chr1	25896634	25896659	4.6
chr1	25896659	25896684	4
chr1	25896684	25896709	5.12
chr1	25896709	25896734	5.4
chr1	25896734	25896759	5.48
chr1	25896759	25896784	6.12
chr1	25896784	25896809	7.6
chr1	25896809	25896834	8
chr1	25896834	25896859	7.56
chr1	25896859	25896884	7.48
chr1	25896884	25896909	6
chr1	25896909	25896934	5.28
chr1	25896934	25896959	5.56
chr1	25896959	25896984	4.96
chr1	25896984	25897059	3
chr1	25897059	25897084	2.08
chr1	25897084	25897109	2
chr1	25897109	25897134	1.32
chr1	25897134	25897159	0.08
chr1	25897234	25897259	0.44
chr1	25897259	25897359	1
chr1	25897359	25897384	1.84
chr1	25897384	25897409	2
chr1	25897409	25897434	3.56
chr1	25897434	25897459	3.12
chr1	25897459	25897484	3.76
chr1	25897484	25897509	5.88
chr1	25897509	25897534	6
chr1	25897534	25897559	5.72
chr1	25897559	25897584	5.88
chr1	25897584	25897609	6.56
chr1	25897609	25897634	5.88
chr1	25897634	25897659	7.52
chr1	25897659	25897684	7.04
chr1	25897684	25897709	8.44
chr1	25897709	25897734	10
chr1	25897734	25897759	9.8
chr1	25897759	25897784	8.44
chr1	25897784	25897809	8
chr1	25897809	25897834	7.36
chr1	25897834	25897859	9.72
chr1	25897859	25897884	9.76
chr1	25897884	25897909	7.32
chr1	25897909	25897984	8
chr1	25897984	25898009	7.76
chr1	25898009	25898034	5.8
chr1	25898034	25898059	3.24
chr1	25898059	25898084	4.68
chr1	25898084	25898109	4.56
chr1	25898109	25898159	4
chr1	25898159	25898184	4.72
chr1	25898184	25898209	6
chr1	25898209	25898234	5.16
chr1	25898234	25898259	4.88
chr1	25898259	25898284	3.28
chr1	25898284	25898309	4.8
chr1	25898309	25898334	8.36
chr1	25898334	25898359	9.24
chr1	25898359	25898384	8.4
chr1	25898384	25898409	8
chr1	25898409	25898434	9.04
chr1	25898434	25898459	9
chr1	25898459	25898484	8.44
chr1	25898484	25898509	5.52
chr1	25898509	25898534	3.12
chr1	25898534	25898559	2.32
chr1	25898559	25898584	2.68
chr1	25898584	25898609	2.8
chr1	25898609	25898634	2.96
chr1	25898634	25898734	3
chr1	25898734	25898759	2.88
chr1	25898759	25898784	2
chr1	25898784	25898809	0.96
chr1	25898934	25898959	0.56
chr1	25898959	25898984	1.88
chr1	25898984	25899009	2
chr1	25899009	25899034	3.6
chr1	25899034	25899059	5.24
chr1	25899059	25899084	8.44
chr1	25899084	25899109	9
chr1	25899109	25899134	9.72
chr1	25899134	25899159	8.68
chr1	25899159	25899209	8
chr1	25899209	25899234	5.08
chr1	25899234	25899259	3.56
chr1	25899259	25899284	1
chr1	25899284	25899309	0.84
chr1	25899309	25899334	0.32
chr1	25899334	25899384	1
chr1	25899384	25899409	1.88
chr1	25899409	25899509	2
chr1	25899509	25899534	1.24
chr1	25899534	25899559	1
chr1	25899559	25899584	0.68
chr1	25899684	25899709	1.92
chr1	25899709	25899759	2
chr1	25899759	25899784	2.2
chr1	25899784	25899809	5.64
chr1	25899809	25899859	6
chr1	25899859	25899884	5.2
chr1	25899884	25899909	4.04
chr1	25899909	25899934	5.72
chr1	25899934	25899959	7
chr1	25899959	25899984	8.32
chr1	25899984	25900034	7
chr1	25900034	25900059	7.68
chr1	25900059	25900084	8
chr1	25900084	25900109	7.84
chr1	25900109	25900134	7.4
chr1	25900134	25900159	6.32
chr1	25900159	25900184	3
chr1	25900184	25900209	3.36
chr1	25900209	25900234	3.88
chr1	25900234	25900284	3
chr1	25900284	25900309	1.8
chr1	25900309	25900334	2.2
chr1	25900334	25900384	3
chr1	25900384	25900409	2.2
chr1	25900409	25900484	2
chr1	25900484	25900509	1.84
chr1	25900509	25900534	0.96
chr1	25900534	25900634	1
chr1	25900634	25900659	1.16
chr1	25900659	25900684	2
chr1	25900684	25900709	1.68
chr1	25900709	25900734	1.12
chr1	25900734	25900759	2.64
chr1	25900759	25900834	3
chr1	25900834	25900859	2.68
chr1	25900859	25900884	5
chr1	25900884	25900909	5.24
chr1	25900909	25900934	5.36
chr1	25900934	25900959	4
chr1	25900959	25900984	4.08
chr1	25900984	25901034	5
chr1	25901034	25901059	3.4
chr1	25901059	25901084	2
chr1	25901084	25901109	1.32
chr1	25901109	25901134	1.16
chr1	25901134	25901159	3.92
chr1	25901159	25901184	3.48
chr1	25901184	25901284	3
chr1	25901284	25901309	3.12
chr1	25901309	25901334	2.6
chr1	25901334	25901359	1.56
chr1	25901359	25901434	3
chr1	25901434	25901459	5.44
chr1	25901459	25901484	8.72
chr1	25901484	25901509	9.48
chr1	25901509	25901534	10
chr1	25901534	25901559	8.84
chr1	25901559	25901584	9.04
chr1	25901584	25901609	10
chr1	25901609	25901634	9.8
chr1	25901634	25901659	5.4
chr1	25901659	25901684	4.84
chr1	25901684	25901709	3.16
chr1	25901709	25901734	4.68
chr1	25901734	25901759	4.28
chr1	25901759	25901784	3.52
chr1	25901784	25901834	3
chr1	25901834	25901859	2.64
chr1	25901859	25901884	2.92
chr1	25901884	25901909	2.44
chr1	25901909	25902034	1
chr1	25902034	25902059	0.64
chr1	25902084	25902109	0.68
chr1	25902109	25902259	1
chr1	25902259	25902284	1.24
chr1	25902284	25902334	1
chr1	25902334	25902359	1.48
chr1	25902359	25902384	2.96
chr1	25902384	25902409	5
chr1	25902409	25902434	8.04
chr1	25902434	25902459	11.4
chr1	25902459	25902484	11.72
chr1	25902484	25902509	12
chr1	25902509	25902534	12.08
chr1	25902534	25902559	12.12
chr1	25902559	25902584	11.68
chr1	25902584	25902609	9.96
chr1	25902609	25902634	6.44
chr1	25902634	25902659	4.88
chr1	25902659	25902684	5.48
chr1	25902684	25902709	8.44
chr1	25902709	25902734	10.88
chr1	25902734	25902759	12.36
chr1	25902759	25902784	12.48
chr1	25902784	25902809	13.12
chr1	25902809	25902834	13.76
chr1	25902834	25902859	12.8
chr1	25902859	25902884	10.56
chr1	25902884	25902909	9.24
chr1	25902909	25902934	6.6
chr1	25902934	25902959	4
chr1	25902959	25902984	3.56
chr1	25902984	25903009	3.44
chr1	25903009	25903034	4.92
chr1	25903034	25903059	5
chr1	25903059	25903084	3.56
chr1	25903084	25903109	4.2
chr1	25903109	25903134	5
chr1	25903134	25903159	5.12
chr1	25903159	25903184	6.12
chr1	25903184	25903209	6.92
chr1	25903209	25903234	6.2
chr1	25903234	25903259	7
chr1	25903259	25903284	7.28
chr1	25903284	25903309	8.04
chr1	25903309	25903334	8.56
chr1	25903334	25903359	8.92
chr1	25903359	25903384	10.6
#bedGraph section chr1:25903384-25943384
chr1	25903384	25903409	11.84
chr1	25903409	25903434	12.04
chr1	25903434	25903459	13
chr1	25903459	25903484	14.04
chr1	25903484	25903509	13
chr1	25903509	25903534	12
chr1	25903534	25903559	11.36
chr1	25903559	25903584	9.32
chr1	25903584	25903609	9.52
chr1	25903609	25903634	11.52
chr1	25903634	25903659	9.48
chr1	25903659	25903709	8
chr1	25903709	25903734	8.24
chr1	25903734	25903759	6.64
chr1	25903759	25903784	5.04
chr1	25903784	25903809	3.04
chr1	25903809	25903834	1.04
chr1	25903834	25903859	1.92
chr1	25903859	25903884	2
chr1	25903884	25903909	2.44
chr1	25903909	25903934	2.12
chr1	25903934	25903959	2
chr1	25903959	25903984	4.32
chr1	25903984	25904009	5.72
chr1	25904009	25904034	5.64
chr1	25904034	25904084	6
chr1	25904084	25904109	5.12
chr1	25904109	25904134	5.04
chr1	25904134	25904159	5.36
chr1	25904159	25904184	3.12
chr1	25904184	25904209	3
chr1	25904209	25904234	3.8
chr1	25904234	25904259	5.28
chr1	25904259	25904284	6.16
chr1	25904284	25904309	7.12
chr1	25904309	25904334	9.2
chr1	25904334	25904359	9.92
chr1	25904359	25904384	10.28
chr1	25904384	25904409	13.08
chr1	25904409	25904434	12.4
chr1	25904434	25904459	11.28
chr1	25904459	25904484	12
chr1	25904484	25904509	12.24
chr1	25904509	25904534	11.72
chr1	25904534	25904559	12.72
chr1	25904559	25904609	12.52
chr1	25904609	25904634	16.04
chr1	25904634	25904659	20.28
chr1	25904659	25904684	22.4
chr1	25904684	25904709	21.92
chr1	25904709	25904734	20.04
chr1	25904734	25904759	22.32
chr1	25904759	25904784	22.12
chr1	25904784	25904809	21.08
chr1	25904809	25904834	21.04
chr1	25904834	25904884	18.36
chr1	25904884	25904909	22.52
chr1	25904909	25904934	27.6
chr1	25904934	25904959	26.4
chr1	25904959	25904984	28.12
chr1	25904984	25905009	27.52
chr1	25905009	25905034	25.16
chr1	25905034	25905059	31.52
chr1	25905059	25905084	42.64
chr1	25905084	25905109	43
chr1	25905109	25905134	54.52
chr1	25905134	25905159	69.84
chr1	25905159	25905184	81.92
chr1	25905184	25905209	91.76
chr1	25905209	25905234	96.64
chr1	25905234	25905259	96
chr1	25905259	25905284	93.28
chr1	25905284	25905309	87.04
chr1	25905309	25905334	75.76
chr1	25905334	25905359	65.12
chr1	25905359	25905384	53.4
chr1	25905384	25905409	44.6
chr1	25905409	25905434	34.44
chr1	25905434	25905459	22.64
chr1	25905459	25905484	18.84
chr1	25905484	25905509	14.76
chr1	25905509	25905534	7
chr1	25905534	25905559	2.52
chr1	25905559	25905584	1.44
chr1	25905584	25905609	2.6
chr1	25905609	25905634	5.12
chr1	25905634	25905659	6.52
chr1	25905659	25905684	9.88
chr1	25905684	25905709	15.04
chr1	25905709	25905734	22.6
chr1	25905734	25905759	38.24
chr1	25905759	25905784	53.32
chr1	25905784	25905809	63.6
chr1	25905809	25905834	72.8
chr1	25905834	25905859	78.8
chr1	25905859	25905884	81.44
chr1	25905884	25905909	79.88
chr1	25905909	25905934	72.48
chr1	25905934	25905959	63.76
chr1	25905959	25905984	51.52
chr1	25905984	25906009	44.4
chr1	25906009	25906034	37.8
chr1	25906034	25906059	34.56
chr1	25906059	25906084	34.48
chr1	25906084	25906109	39.28
chr1	25906109	25906134	38.52
chr1	25906134	25906159	36.92
chr1	25906159	25906184	36.16
chr1	25906184	25906209	38.76
chr1	25906209	25906234	38.96
chr1	25906234	25906259	37.24
chr1	25906259	25906284	33.4
chr1	25906284	25906309	26.72
chr1	25906309	25906359	22.04
chr1	25906359	25906384	17.68
chr1	25906384	25906409	12
chr1	25906409	25906434	7.96
#bedGraph section chr1:25864484-25903384
chr1	25900109	25900134	7.4
chr1	25900134	25900159	6.32
chr1	25900159	25900184	3
chr1	25900184	25900209	3.36
chr1	25900209	25900234	3.88
chr1	25900234	25900284	3
chr1	25900284	25900309	1.8
chr1	25900309	25900334	2.2
chr1	25900334	25900384	3
chr1	25900384	25900409	2.2
chr1	25900409	25900484	2
chr1	25900484	25900509	1.84
chr1	25900509	25900534	0.96
chr1	25900534	25900634	1
chr1	25900634	25900659	1.16
chr1	25900659	25900684	2
chr1	25900684	25900709	1.68
chr1	25900709	25900734	1.12
chr1	25900734	25900759	2.64
chr1	25900759	25900834	3
chr1	25900834	25900859	2.68
chr1	25900859	25900884	5
chr1	25900884	25900909	5.24
chr1	25900909	25900934	5.36
chr1	25900934	25900959	4
chr1	25900959	25900984	4.08
chr1	25900984	25901034	5
chr1	25901034	25901059	3.4
chr1	25901059	25901084	2
chr1	25901084	25901109	1.32
chr1	25901109	25901134	1.16
chr1	25901134	25901159	3.92
chr1	25901159	25901184	3.48
chr1	25901184	25901284	3
chr1	25901284	25901309	3.12
chr1	25901309	25901334	2.6
chr1	25901334	25901359	1.56
chr1	25901359	25901434	3
chr1	25901434	25901459	5.44
chr1	25901459	25901484	8.72
chr1	25901484	25901509	9.48
chr1	25901509	25901534	10
chr1	25901534	25901559	8.84
chr1	25901559	25901584	9.04
chr1	25901584	25901609	10
chr1	25901609	25901634	9.8
chr1	25901634	25901659	5.4
chr1	25901659	25901684	4.84
chr1	25901684	25901709	3.16
chr1	25901709	25901734	4.68
chr1	25901734	25901759	4.28
chr1	25901759	25901784	3.52
chr1	25901784	25901834	3
chr1	25901834	25901859	2.64
chr1	25901859	25901884	2.92
chr1	25901884	25901909	2.44
chr1	25901909	25902034	1
chr1	25902034	25902059	0.64
chr1	25902084	25902109	0.68
chr1	25902109	25902259	1
chr1	25902259	25902284	1.24
chr1	25902284	25902334	1
chr1	25902334	25902359	1.48
chr1	25902359	25902384	2.96
chr1	25902384	25902409	5
chr1	25902409	25902434	8.04
chr1	25902434	25902459	11.4
chr1	25902459	25902484	11.72
chr1	25902484	25902509	12
chr1	25902509	25902534	12.08
chr1	25902534	25902559	12.12
chr1	25902559	25902584	11.68
chr1	25902584	25902609	9.96
chr1	25902609	25902634	6.44
chr1	25902634	25902659	4.88
chr1	25902659	25902684	5.48
chr1	25902684	25902709	8.44
chr1	25902709	25902734	10.88
chr1	25902734	25902759	12.36
chr1	25902759	25902784	12.48
chr1	25902784	25902809	13.12
chr1	25902809	25902834	13.76
chr1	25902834	25902859	12.8
chr1	25902859	25902884	10.56
chr1	25902884	25902909	9.24
chr1	25902909	25902934	6.6
chr1	25902934	25902959	4
chr1	25902959	25902984	3.56
chr1	25902984	25903009	3.44
chr1	25903009	25903034	4.92
chr1	25903034	25903059	5
chr1	25903059	25903084	3.56
chr1	25903084	25903109	4.2
chr1	25903109	25903134	5
chr1	25903134	25903159	5.12
chr1	25903159	25903184	6.12
chr1	25903184	25903209	6.92
chr1	25903209	25903234	6.2
chr1	25903234	25903259	7
chr1	25903259	25903284	7.28
chr1	25903284	25903309	8.04
chr1	25903309	25903334	8.56
chr1	25903334	25903359	8.92
chr1	25903359	25903384	10.6
#bedGraph section chr1:25903384-25943384
chr1	25903384	25903409	11.84
chr1	25903409	25903434	12.04
chr1	25903434	25903459	13
chr1	25903459	25903484	14.04
chr1	25903484	25903509	13
chr1	25903509	25903534	12
chr1	25903534	25903559	11.36
chr1	25903559	25903584	9.32
chr1	25903584	25903609	9.52
chr1	25903609	25903634	11.52
chr1	25903634	25903659	9.48
chr1	25903659	25903709	8
chr1	25903709	25903734	8.24
chr1	25903734	25903759	6.64
chr1	25903759	25903784	5.04
chr1	25903784	25903809	3.04
chr1	25903809	25903834	1.04
chr1	25903834	25903859	1.92
chr1	25903859	25903884	2
chr1	25903884	25903909	2.44
chr1	25903909	25903934	2.12
chr1	25903934	25903959	2
chr1	25903959	25903984	4.32
chr1	25903984	25904009	5.72
chr1	25904009	25904034	5.64
chr1	25904034	25904084	6
chr1	25904084	25904109	5.12
chr1	25904109	25904134	5.04
chr1	25904134	25904159	5.36
chr1	25904159	25904184	3.12
chr1	25904184	25904209	3
chr1	25904209	25904234	3.8
chr1	25904234	25904259	5.28
chr1	25904259	25904284	6.16
chr1	25904284	25904309	7.12
chr1	25904309	25904334	9.2
chr1	25904334	25904359	9.92
chr1	25904359	25904384	10.28
chr1	25904384	25904409	13.08
chr1	25904409	25904434	12.4
chr1	25904434	25904459	11.28
chr1	25904459	25904484	12
chr1	25904484	25904509	12.24
chr1	25904509	25904534	11.72
chr1	25904534	25904559	12.72
chr1	25904559	25904609	12.52
chr1	25904609	25904634	16.04
chr1	25904634	25904659	20.28
chr1	25904659	25904684	22.4
chr1	25904684	25904709	21.92
chr1	25904709	25904734	20.04
chr1	25904734	25904759	22.32
chr1	25904759	25904784	22.12
chr1	25904784	25904809	21.08
chr1	25904809	25904834	21.04
chr1	25904834	25904884	18.36
chr1	25904884	25904909	22.52
chr1	25904909	25904934	27.6
chr1	25904934	25904959	26.4
chr1	25904959	25904984	28.12
chr1	25904984	25905009	27.52
chr1	25905009	25905034	25.16
chr1	25905034	25905059	31.52
chr1	25905059	25905084	42.64
chr1	25905084	25905109	43
chr1	25905109	25905134	54.52
chr1	25905134	25905159	69.84
chr1	25905159	25905184	81.92
chr1	25905184	25905209	91.76
chr1	25905209	25905234	96.64
chr1	25905234	25905259	96
chr1	25905259	25905284	93.28
chr1	25905284	25905309	87.04
chr1	25905309	25905334	75.76
chr1	25905334	25905359	65.12
chr1	25905359	25905384	53.4
chr1	25905384	25905409	44.6
chr1	25905409	25905434	34.44
chr1	25905434	25905459	22.64
chr1	25905459	25905484	18.84
chr1	25905484	25905509	14.76
chr1	25905509	25905534	7
chr1	25905534	25905559	2.52
chr1	25905559	25905584	1.44
chr1	25905584	25905609	2.6
chr1	25905609	25905634	5.12
chr1	25905634	25905659	6.52
chr1	25905659	25905684	9.88
chr1	25905684	25905709	15.04
chr1	25905709	25905734	22.6
chr1	25905734	25905759	38.24
chr1	25905759	25905784	53.32
chr1	25905784	25905809	63.6
chr1	25905809	25905834	72.8
chr1	25905834	25905859	78.8
chr1	25905859	25905884	81.44
chr1	25905884	25905909	79.88
chr1	25905909	25905934	72.48
chr1	25905934	25905959	63.76
chr1	25905959	25905984	51.52
chr1	25905984	25906009	44.4
chr1	25906009	25906034	37.8
chr1	25906034	25906059	34.56
chr1	25906059	25906084	34.48
chr1	25906084	25906109	39.28
chr1	25906109	25906134	38.52
chr1	25906134	25906159	36.92
chr1	25906159	25906184	36.16
chr1	25906184	25906209	38.76
chr1	25906209	25906234	38.96
chr1	25906234	25906259	37.24
chr1	25906259	25906284	33.4
chr1	25906284	25906309	26.72
chr1	25906309	25906359	22.04
chr1	25906359	25906384	17.68
chr1	25906384	25906409	12
chr1	25906409	25906434	7.96
chr1	25906434	25906459	5.56
chr1	25906459	25906484	3.96
chr1	25906484	25906509	3.28
chr1	25906509	25906534	3.24
chr1	25906534	25906559	3.64
chr1	25906559	25906584	6.16
chr1	25906584	25906609	10.12
chr1	25906609	25906634	14.88
chr1	25906634	25906659	19.8
chr1	25906659	25906684	22.24
chr1	25906684	25906709	24.4
chr1	25906709	25906734	25.48
chr1	25906734	25906759	24.24
chr1	25906759	25906784	24.84
chr1	25906784	25906809	22.8
chr1	25906809	25906834	19.28
chr1	25906834	25906859	17.2
chr1	25906859	25906884	17.68
