track type=wiggle_0 name="H1-hESC" description="H3K4Me3 Mark (Often Found Near Promoters) on H1-hESC Cells from ENCODE"
#bedGraph section chr22:35387332-35451032
chr22	35400132	35400157	56.2
chr22	35400157	35400182	64.64
chr22	35400182	35400207	70.6
chr22	35400207	35400232	79.96
chr22	35400232	35400257	88.68
chr22	35400257	35400282	94.56
chr22	35400282	35400307	88.16
chr22	35400307	35400332	76.64
chr22	35400332	35400357	74.16
chr22	35400357	35400382	68.12
chr22	35400382	35400407	69.96
chr22	35400407	35400432	64.84
chr22	35400432	35400457	66.2
chr22	35400457	35400482	67.2
chr22	35400482	35400507	68.28
chr22	35400507	35400532	70.68
chr22	35400532	35400557	77.48
chr22	35400557	35400582	76.48
chr22	35400582	35400607	72.2
chr22	35400607	35400632	67.56
chr22	35400632	35400657	71.2
chr22	35400657	35400682	66.48
chr22	35400682	35400707	55.8
chr22	35400707	35400732	41.08
chr22	35400732	35400757	34.6
chr22	35400757	35400782	27.84
chr22	35400782	35400807	20.12
chr22	35400807	35400832	18.52
chr22	35400832	35400857	15.68
chr22	35400857	35400882	12.76
chr22	35400882	35400907	10.72
chr22	35400907	35400932	9.84
chr22	35400932	35400957	8.96
chr22	35400957	35400982	8.56
chr22	35400982	35401007	6.08
chr22	35401007	35401032	7.16
chr22	35401032	35401057	11.04
chr22	35401057	35401082	12.08
chr22	35401082	35401107	13
chr22	35401107	35401132	11.6
chr22	35401132	35401157	12.96
chr22	35401157	35401182	17.72
chr22	35401182	35401207	16
chr22	35401207	35401232	14.84
chr22	35401232	35401257	15.32
chr22	35401257	35401282	15.16
chr22	35401282	35401307	13.68
chr22	35401307	35401332	7.84
chr22	35401332	35401357	6.24
chr22	35401357	35401382	7.72
chr22	35401382	35401407	6.96
chr22	35401407	35401432	7
chr22	35401432	35401457	6.16
chr22	35401457	35401482	5.28
chr22	35401482	35401507	5.88
chr22	35401507	35401532	3.88
chr22	35401532	35401557	4.36
chr22	35401557	35401582	5
chr22	35401582	35401607	5.64
chr22	35401607	35401632	7
chr22	35401632	35401657	7.24
chr22	35401657	35401682	7.32
chr22	35401682	35401707	7
chr22	35401707	35401732	5.36
chr22	35401732	35401757	4.8
chr22	35401757	35401782	4.36
chr22	35401782	35401807	3.88
chr22	35401807	35401832	3.32
chr22	35401832	35401857	4.2
chr22	35401857	35401907	6
chr22	35401907	35401932	6.12
chr22	35401932	35401957	6.28
chr22	35401957	35401982	6.48
chr22	35401982	35402007	7.48
chr22	35402007	35402032	5
chr22	35402032	35402057	5.76
chr22	35402057	35402082	6.68
chr22	35402082	35402107	6
chr22	35402107	35402132	5.96
chr22	35402132	35402157	4.84
chr22	35402157	35402182	3.08
chr22	35402182	35402207	2.96
chr22	35402207	35402232	1.08
chr22	35402232	35402257	1
chr22	35402257	35402282	0.92
chr22	35402282	35402432	2
chr22	35402432	35402457	0.32
chr22	35402507	35402532	0.8
chr22	35402532	35402557	1
chr22	35402557	35402582	1.96
chr22	35402582	35402607	2.4
chr22	35402607	35402632	4
chr22	35402632	35402657	4.56
chr22	35402657	35402682	4.6
chr22	35402682	35402707	4
chr22	35402707	35402732	4.36
chr22	35402732	35402757	7
chr22	35402757	35402782	5.68
chr22	35402782	35402807	5.84
chr22	35402807	35402832	5.52
chr22	35402832	35402857	6.44
chr22	35402857	35402882	7.36
chr22	35402882	35402907	5.12
chr22	35402907	35402932	5
chr22	35402932	35402957	4.2
chr22	35402957	35402982	4.88
chr22	35402982	35403007	4.2
chr22	35403007	35403032	3.76
chr22	35403032	35403057	4.64
chr22	35403057	35403082	4.84
chr22	35403082	35403107	5
chr22	35403107	35403132	4.32
chr22	35403132	35403157	4.68
chr22	35403157	35403182	5.04
chr22	35403182	35403207	4.16
chr22	35403207	35403232	3.32
chr22	35403232	35403282	3
chr22	35403282	35403307	2.72
chr22	35403307	35403332	1.52
chr22	35403332	35403357	1
chr22	35403357	35403382	1.68
chr22	35403382	35403407	1
chr22	35403407	35403432	2
chr22	35403432	35403457	3
chr22	35403457	35403482	3.4
chr22	35403482	35403507	4.64
chr22	35403507	35403532	5.92
chr22	35403532	35403557	6
chr22	35403557	35403582	5.44
chr22	35403582	35403632	4.36
chr22	35403632	35403657	3.76
chr22	35403657	35403682	2.44
chr22	35403682	35403707	1.04
chr22	35403707	35403782	1
chr22	35403782	35403807	0.04
chr22	35403807	35403832	0.96
chr22	35403832	35403857	1
chr22	35403857	35403882	1.88
chr22	35403882	35403932	3
chr22	35403932	35403957	3.12
chr22	35403957	35403982	3.44
chr22	35403982	35404007	3
chr22	35404007	35404032	2.92
chr22	35404032	35404107	1
chr22	35404107	35404132	0.28
chr22	35404257	35404282	0.36
chr22	35404282	35404307	1.76
chr22	35404307	35404332	2.96
chr22	35404332	35404432	3
chr22	35404432	35404457	1.68
chr22	35404457	35404482	0.44
chr22	35404507	35404532	1.04
chr22	35404532	35404557	4.08
chr22	35404557	35404607	5
chr22	35404607	35404632	5.2
chr22	35404632	35404657	6
chr22	35404657	35404682	5.48
chr22	35404682	35404707	3.48
chr22	35404707	35404732	2.32
chr22	35404732	35404757	2.28
chr22	35404757	35404782	4.88
chr22	35404782	35404807	4.2
chr22	35404807	35404857	4
chr22	35404857	35404882	3
chr22	35404882	35404907	3.04
chr22	35404907	35404932	2.04
chr22	35404932	35405057	1
chr22	35405057	35405082	0.36
chr22	35405332	35405357	0.88
chr22	35405357	35405432	1
chr22	35405432	35405457	1.68
chr22	35405457	35405482	2
chr22	35405482	35405507	1.52
chr22	35405507	35405582	1
chr22	35405582	35405607	0.72
chr22	35406007	35406032	0.08
chr22	35406032	35406057	1
chr22	35406057	35406082	1.24
chr22	35406082	35406157	2
chr22	35406157	35406182	3.6
chr22	35406182	35406207	3.32
chr22	35406207	35406232	3
chr22	35406232	35406257	2.4
chr22	35406257	35406307	3
chr22	35406307	35406332	2.2
chr22	35406332	35406407	1
chr22	35406407	35406432	0.16
chr22	35406907	35406932	0.88
chr22	35406932	35407057	1
chr22	35407057	35407082	0.52
chr22	35407257	35407282	0.36
chr22	35407282	35407432	1
chr22	35407432	35407457	0.04
chr22	35407582	35407607	0.88
chr22	35407607	35407632	1.04
chr22	35407632	35407657	2.24
chr22	35407657	35407732	3
chr22	35407732	35407757	2.52
chr22	35407757	35407782	2
chr22	35407782	35407807	1.36
chr22	35407807	35407832	0.16
chr22	35407832	35407857	0.04
chr22	35407857	35407882	1.28
chr22	35407882	35407907	2.88
chr22	35407907	35408007	3
chr22	35408007	35408032	2.36
chr22	35408032	35408057	0.64
chr22	35408207	35408232	0.8
chr22	35408232	35408307	1
chr22	35408307	35408332	2.4
chr22	35408332	35408357	3
chr22	35408357	35408382	2.6
chr22	35408382	35408457	2
chr22	35408457	35408482	1.4
chr22	35408557	35408582	0.52
chr22	35408582	35408632	1
chr22	35408632	35408657	2.6
chr22	35408657	35408682	3
chr22	35408682	35408707	3.84
chr22	35408707	35408732	5.24
chr22	35408732	35408757	5
chr22	35408757	35408782	5.56
chr22	35408782	35408807	5.4
chr22	35408807	35408832	5
chr22	35408832	35408857	4.96
chr22	35408857	35408882	3
chr22	35408882	35408907	2.04
chr22	35408907	35408932	1.84
chr22	35408932	35408957	1
chr22	35408957	35408982	0.2
chr22	35409607	35409632	0.28
chr22	35409632	35409782	1
chr22	35409782	35409807	0.12
chr22	35410482	35410507	1
chr22	35410507	35410632	2
chr22	35410632	35410657	1.68
chr22	35410657	35410682	0.12
chr22	35410682	35410707	0.96
chr22	35410707	35410832	1
chr22	35410832	35410857	1.36
chr22	35410857	35410882	1.96
chr22	35410882	35410907	2.8
chr22	35410907	35410982	3
chr22	35410982	35411007	3.16
chr22	35411007	35411032	2.44
chr22	35411032	35411057	1.6
chr22	35411057	35411082	1.72
chr22	35411082	35411132	2
chr22	35411132	35411157	1.72
chr22	35411157	35411182	1
chr22	35411182	35411207	1.72
chr22	35411207	35411232	1.68
chr22	35411232	35411257	1.6
chr22	35411257	35411332	2
chr22	35411332	35411357	1.68
chr22	35411357	35411382	1
chr22	35411382	35411407	0.8
chr22	35411432	35411457	1.08
chr22	35411457	35411482	2.56
chr22	35411482	35411532	3
chr22	35411532	35411557	3.56
chr22	35411557	35411582	4
chr22	35411582	35411607	3.56
chr22	35411607	35411632	2
chr22	35411632	35411682	1
chr22	35411682	35411707	0.84
chr22	35411732	35411757	0.28
chr22	35411757	35411807	1
chr22	35411807	35411832	1.6
chr22	35411832	35411857	2
chr22	35411857	35411882	2.88
chr22	35411882	35411907	3
chr22	35411907	35411932	2.12
chr22	35411932	35411957	2
chr22	35411957	35411982	1.8
chr22	35411982	35412007	1
chr22	35412007	35412032	0.52
chr22	35412132	35412157	0.68
chr22	35412157	35412182	1.56
chr22	35412182	35412257	2
chr22	35412257	35412282	2.2
chr22	35412282	35412307	2.72
chr22	35412307	35412332	1.84
chr22	35412332	35412382	1
chr22	35412382	35412407	1.92
chr22	35412407	35412432	2
chr22	35412432	35412457	1.2
chr22	35412457	35412532	1
chr22	35412532	35412557	0.48
chr22	35413507	35413532	1.08
chr22	35413532	35413607	2
chr22	35413607	35413632	2.92
chr22	35413632	35413657	3
chr22	35413657	35413682	2.64
chr22	35413682	35413707	1.08
chr22	35413707	35413757	1
chr22	35413757	35413782	0.48
chr22	35414182	35414207	0.16
chr22	35414207	35414232	1
chr22	35414232	35414257	1.64
chr22	35414257	35414332	2
chr22	35414332	35414357	2.48
chr22	35414357	35414382	2.24
chr22	35414382	35414407	1.76
chr22	35414407	35414482	1
chr22	35414482	35414507	0.92
chr22	35415132	35415157	0.4
chr22	35415157	35415307	1
chr22	35415857	35415882	0.72
chr22	35415882	35416007	1
chr22	35416007	35416032	0.68
chr22	35416207	35416232	0.96
chr22	35416232	35416357	1
chr22	35416357	35416382	0.44
chr22	35416982	35417007	0.12
chr22	35417007	35417157	1
chr22	35417157	35417182	1.28
chr22	35417182	35417307	1
chr22	35417307	35417332	0.4
chr22	35417407	35417432	0.72
chr22	35417432	35417482	2
chr22	35417482	35417507	2.36
chr22	35417507	35417557	3
chr22	35417557	35417582	2.88
chr22	35417582	35417607	1.2
chr22	35417607	35417657	2
chr22	35417657	35417682	1.04
chr22	35417682	35417757	1
chr22	35417757	35417782	0.4
chr22	35417932	35417957	0.56
chr22	35417957	35418082	1
chr22	35418082	35418107	0.84
chr22	35418357	35418382	0.76
chr22	35418382	35418507	1
chr22	35418507	35418532	0.64
chr22	35418632	35418657	0.12
chr22	35418657	35418807	1
chr22	35418807	35418857	0.28
chr22	35418857	35418932	1
chr22	35418932	35418957	1.56
chr22	35418957	35418982	2
chr22	35418982	35419007	2.32
chr22	35419007	35419032	2.12
chr22	35419032	35419082	2
chr22	35419082	35419107	1.84
chr22	35419107	35419157	1
chr22	35419157	35419182	0.08
chr22	35419207	35419232	0.56
chr22	35419232	35419357	1
chr22	35419357	35419382	2.12
chr22	35419382	35419432	2
chr22	35419432	35419457	2.44
chr22	35419457	35419507	3
chr22	35419507	35419532	2.52
chr22	35419532	35419582	1
chr22	35419582	35419607	0.96
chr22	35419707	35419732	0.52
chr22	35419732	35419807	2
chr22	35419807	35419832	2.68
chr22	35419832	35419857	3
chr22	35419857	35419882	2.88
chr22	35419882	35419907	1.4
chr22	35419907	35419957	1
chr22	35419957	35419982	0.72
chr22	35420132	35420157	0.08
chr22	35420157	35420182	1
chr22	35420182	35420207	1.52
chr22	35420207	35420232	2.12
chr22	35420232	35420307	3
chr22	35420307	35420332	2.32
chr22	35420332	35420357	2.12
chr22	35420357	35420382	2
chr22	35420382	35420407	1.28
chr22	35420407	35420507	1
chr22	35420507	35420532	0.16
chr22	35420532	35420557	0.72
chr22	35420557	35420682	1
chr22	35420682	35420707	0.68
chr22	35420957	35420982	0.04
chr22	35420982	35421132	1
chr22	35421132	35421157	0.36
chr22	35421357	35421382	0.76
chr22	35421382	35421407	1.6
chr22	35421407	35421507	2
chr22	35421507	35421532	1.64
chr22	35421532	35421557	0.8
chr22	35421807	35421832	0.28
chr22	35421832	35421857	2.68
chr22	35421857	35421882	3
chr22	35421882	35421907	4.52
chr22	35421907	35421982	6
chr22	35421982	35422007	4.24
chr22	35422007	35422032	3
chr22	35422032	35422057	3.12
chr22	35422057	35422082	1.28
chr22	35422082	35422107	1.2
chr22	35422107	35422182	2
chr22	35422182	35422207	1.68
chr22	35422207	35422257	1
chr22	35422257	35422282	0.2
chr22	35422432	35422457	0.76
chr22	35422457	35422582	1
chr22	35422582	35422607	0.64
chr22	35422832	35422857	0.36
chr22	35422857	35422957	1
chr22	35422957	35422982	1.12
chr22	35422982	35423007	2
chr22	35423007	35423032	1.04
chr22	35423032	35423132	1
chr22	35423132	35423157	0.28
chr22	35423607	35423632	0.76
chr22	35423632	35423757	1
chr22	35423757	35423782	0.64
chr22	35423782	35423807	0.84
chr22	35423807	35423857	1
chr22	35423857	35423882	1.6
chr22	35423882	35423907	2
chr22	35423907	35423932	2.4
chr22	35423932	35423957	2.56
chr22	35423957	35424007	2
chr22	35424007	35424032	1.8
chr22	35424032	35424057	1
chr22	35424057	35424082	1.32
chr22	35424082	35424232	1
chr22	35424232	35424257	0.76
chr22	35424257	35424282	1
chr22	35424282	35424307	1.4
chr22	35424307	35424382	2
chr22	35424382	35424407	2.96
chr22	35424407	35424432	3.88
chr22	35424432	35424457	4
chr22	35424457	35424482	3
chr22	35424482	35424507	3.76
chr22	35424507	35424532	4
chr22	35424532	35424557	3.56
chr22	35424557	35424582	1.52
chr22	35424582	35424607	1.2
chr22	35424607	35424632	3
chr22	35424632	35424657	2.64
chr22	35424657	35424757	2
chr22	35424757	35424782	0.6
chr22	35424882	35424907	0.32
chr22	35424907	35424957	1
chr22	35424957	35424982	1.08
chr22	35424982	35425057	3
chr22	35425057	35425082	2.08
chr22	35425082	35425132	2
chr22	35425132	35425157	0.72
chr22	35425207	35425232	0.4
chr22	35425232	35425357	1
chr22	35425357	35425382	1.04
chr22	35425382	35425432	1
