track type=wiggle_0 name="H1-hESC" description="H3K4Me1 Mark (Often Found Near Regulatory Elements) on H1-hESC Cells from ENCODE"
#bedGraph section chr22:35359832-35401957
chr22	35400132	35400157	3.76
chr22	35400157	35400182	3.84
chr22	35400182	35400207	4
chr22	35400207	35400232	3.04
chr22	35400232	35400257	3
chr22	35400257	35400282	3.24
chr22	35400282	35400307	3.36
chr22	35400307	35400332	2.4
chr22	35400332	35400357	3.64
chr22	35400357	35400382	5.16
chr22	35400382	35400407	7.68
chr22	35400407	35400457	9
chr22	35400457	35400482	9.48
chr22	35400482	35400507	10.28
chr22	35400507	35400532	12.36
chr22	35400532	35400557	11.36
chr22	35400557	35400582	9
chr22	35400582	35400607	6.32
chr22	35400607	35400632	5.48
chr22	35400632	35400657	6
chr22	35400657	35400682	5.28
chr22	35400682	35400707	3.72
chr22	35400707	35400732	1.24
chr22	35400732	35400757	1
chr22	35400757	35400782	1.28
chr22	35400782	35400807	2
chr22	35400807	35400832	2.12
chr22	35400832	35400932	2
chr22	35400932	35400957	3.56
chr22	35400957	35400982	6.36
chr22	35400982	35401007	6.16
chr22	35401007	35401032	7
chr22	35401032	35401057	7.24
chr22	35401057	35401082	8.76
chr22	35401082	35401107	9.72
chr22	35401107	35401132	11.4
chr22	35401132	35401157	15.24
chr22	35401157	35401182	16.4
chr22	35401182	35401207	17.16
chr22	35401207	35401232	21.16
chr22	35401232	35401257	23.28
chr22	35401257	35401282	25.6
chr22	35401282	35401307	27.28
chr22	35401307	35401332	29.04
chr22	35401332	35401357	26.44
chr22	35401357	35401382	25.12
chr22	35401382	35401407	26.28
chr22	35401407	35401432	23.84
chr22	35401432	35401457	23.52
chr22	35401457	35401482	21.44
chr22	35401482	35401507	21.28
chr22	35401507	35401532	20.48
chr22	35401532	35401557	18.84
chr22	35401557	35401582	19.6
chr22	35401582	35401607	20.32
chr22	35401607	35401632	20.2
chr22	35401632	35401657	18.64
chr22	35401657	35401682	18.2
chr22	35401682	35401707	17.52
chr22	35401707	35401732	15.72
chr22	35401732	35401757	17.64
chr22	35401757	35401782	18.32
chr22	35401782	35401807	17.68
chr22	35401807	35401832	18.72
chr22	35401832	35401857	24.32
chr22	35401857	35401882	24.6
chr22	35401882	35401907	26.48
chr22	35401907	35401932	27.56
chr22	35401932	35401957	28.64
#bedGraph section chr22:35401957-35444532
chr22	35401957	35401982	26.84
chr22	35401982	35402007	25.24
chr22	35402007	35402032	22.64
chr22	35402032	35402057	18.96
chr22	35402057	35402082	19.4
chr22	35402082	35402107	17
chr22	35402107	35402132	16.8
chr22	35402132	35402157	14
chr22	35402157	35402182	12.08
chr22	35402182	35402207	11.88
chr22	35402207	35402232	10.84
chr22	35402232	35402257	9.48
chr22	35402257	35402282	8.96
chr22	35402282	35402307	8.52
chr22	35402307	35402332	7
chr22	35402332	35402357	5.64
chr22	35402357	35402382	5
chr22	35402382	35402407	4.28
chr22	35402407	35402432	4
chr22	35402432	35402457	2.56
chr22	35402457	35402482	1.04
chr22	35402482	35402507	0.2
chr22	35402507	35402532	0.48
chr22	35402532	35402557	1
chr22	35402557	35402582	2.16
chr22	35402582	35402632	3
chr22	35402632	35402682	5
chr22	35402682	35402707	6
chr22	35402707	35402732	6.08
chr22	35402732	35402757	7.4
chr22	35402757	35402782	6.84
chr22	35402782	35402807	7
chr22	35402807	35402832	7.76
chr22	35402832	35402882	7
chr22	35402882	35402907	8.6
chr22	35402907	35402932	9.56
chr22	35402932	35402957	11.16
chr22	35402957	35402982	11
chr22	35402982	35403007	10.2
chr22	35403007	35403032	11.76
chr22	35403032	35403057	11.28
chr22	35403057	35403082	12
chr22	35403082	35403107	9.96
chr22	35403107	35403132	10.64
chr22	35403132	35403157	8.96
chr22	35403157	35403182	9.12
chr22	35403182	35403207	11.64
chr22	35403207	35403232	9.84
chr22	35403232	35403257	9.72
chr22	35403257	35403282	11.52
chr22	35403282	35403307	13.12
chr22	35403307	35403332	11.88
chr22	35403332	35403357	13.04
chr22	35403357	35403382	13.88
chr22	35403382	35403407	11.16
chr22	35403407	35403432	11.48
chr22	35403432	35403457	11.72
chr22	35403457	35403482	9.48
chr22	35403482	35403507	7.32
chr22	35403507	35403532	6.48
chr22	35403532	35403557	5
chr22	35403557	35403607	4
chr22	35403607	35403632	3.16
chr22	35403632	35403657	2.28
chr22	35403657	35403707	2
chr22	35403707	35403732	1.88
chr22	35403732	35403757	0.44
chr22	35403932	35403957	0.56
chr22	35403957	35403982	1
chr22	35403982	35404007	1.44
chr22	35404007	35404132	2
chr22	35404132	35404157	1.44
chr22	35404157	35404182	2.52
chr22	35404182	35404207	3.2
chr22	35404207	35404232	3
chr22	35404232	35404257	4.64
chr22	35404257	35404357	5
chr22	35404357	35404382	3.84
chr22	35404382	35404407	3.36
chr22	35404407	35404432	3
chr22	35404432	35404457	1.36
chr22	35404457	35404507	1
chr22	35404507	35404532	1.68
chr22	35404532	35404557	2.88
chr22	35404557	35404582	2.64
chr22	35404582	35404607	2
chr22	35404607	35404632	2.52
chr22	35404632	35404657	3.84
chr22	35404657	35404682	5
chr22	35404682	35404707	5.56
chr22	35404707	35404732	5.32
chr22	35404732	35404757	4.32
chr22	35404757	35404807	5
chr22	35404807	35404832	5.28
chr22	35404832	35404857	4.16
chr22	35404857	35404882	3
chr22	35404882	35404907	2.44
chr22	35404907	35404932	2
chr22	35404932	35404957	1.8
chr22	35404957	35405007	1
chr22	35405007	35405032	0.2
chr22	35405132	35405157	0.8
chr22	35405157	35405332	1
chr22	35405332	35405357	0.2
chr22	35405407	35405432	0.84
chr22	35405432	35405607	1
chr22	35405607	35405632	0.16
chr22	35405632	35405657	0.44
chr22	35405657	35405832	1
chr22	35405832	35405857	0.56
chr22	35406157	35406182	0.84
chr22	35406182	35406357	1
chr22	35406357	35406382	0.16
chr22	35406482	35406507	0.76
chr22	35406507	35406532	1.2
chr22	35406532	35406557	2.92
chr22	35406557	35406607	3
chr22	35406607	35406632	3.52
chr22	35406632	35406657	4.6
chr22	35406657	35406707	5.24
chr22	35406707	35406732	4.8
chr22	35406732	35406757	3.08
chr22	35406757	35406807	3
chr22	35406807	35406832	3.36
chr22	35406832	35406857	2.4
chr22	35406857	35406882	1.76
chr22	35406882	35407007	1
chr22	35407007	35407032	0.12
chr22	35407057	35407082	0.88
chr22	35407082	35407107	1
chr22	35407107	35407132	1.76
chr22	35407132	35407207	2
chr22	35407207	35407232	2.12
chr22	35407232	35407257	3
chr22	35407257	35407282	2.12
chr22	35407282	35407307	2
chr22	35407307	35407332	1.24
chr22	35407332	35407382	1
chr22	35407382	35407407	2.68
chr22	35407407	35407432	2.88
chr22	35407432	35407532	2
chr22	35407532	35407557	2.96
chr22	35407557	35407582	3
chr22	35407582	35407607	1.32
chr22	35407607	35407682	1
chr22	35407682	35407707	1.8
chr22	35407707	35407732	3
chr22	35407732	35407757	2.04
chr22	35407757	35407882	2
chr22	35407882	35407907	1.2
chr22	35408032	35408057	0.84
chr22	35408057	35408082	1.64
chr22	35408082	35408107	2.24
chr22	35408107	35408132	4.96
chr22	35408132	35408157	5.72
chr22	35408157	35408207	6
chr22	35408207	35408232	6.04
chr22	35408232	35408257	6.16
chr22	35408257	35408282	5.36
chr22	35408282	35408307	4.76
chr22	35408307	35408332	2.04
chr22	35408332	35408357	1.28
chr22	35408357	35408407	1
chr22	35408407	35408432	0.96
chr22	35408482	35408507	0.48
chr22	35408507	35408532	3.56
chr22	35408532	35408557	6
chr22	35408557	35408582	6.64
chr22	35408582	35408607	8
chr22	35408607	35408632	8.72
chr22	35408632	35408657	11.16
chr22	35408657	35408682	13.48
chr22	35408682	35408707	15.2
chr22	35408707	35408732	12.48
chr22	35408732	35408757	11
chr22	35408757	35408782	10.36
chr22	35408782	35408807	9
chr22	35408807	35408832	8.28
chr22	35408832	35408857	5.84
chr22	35408857	35408882	3.52
chr22	35408882	35408907	1.32
chr22	35408907	35408932	0.96
chr22	35409132	35409157	0.36
chr22	35409157	35409332	1
chr22	35409332	35409357	0.64
chr22	35409432	35409457	0.28
chr22	35409457	35409632	1
chr22	35409632	35409657	0.72
chr22	35409657	35409682	0.76
chr22	35409682	35409732	1
chr22	35409732	35409757	1.8
chr22	35409757	35409857	3
chr22	35409857	35409882	2.24
chr22	35409882	35409907	2
chr22	35409907	35409932	2.28
chr22	35409932	35409957	3.2
chr22	35409957	35410007	2
chr22	35410007	35410032	2.6
chr22	35410032	35410057	3
chr22	35410057	35410082	4.12
chr22	35410082	35410107	5
chr22	35410107	35410132	4.72
chr22	35410132	35410207	3
chr22	35410207	35410232	2.4
chr22	35410232	35410257	2
chr22	35410257	35410282	0.88
chr22	35410282	35410307	0.2
chr22	35410307	35410332	1
chr22	35410332	35410357	1.4
chr22	35410357	35410457	2
chr22	35410457	35410482	3.12
chr22	35410482	35410507	3.8
chr22	35410507	35410532	3
chr22	35410532	35410557	4.08
chr22	35410557	35410632	4
chr22	35410632	35410657	6.04
chr22	35410657	35410682	5.88
chr22	35410682	35410707	5.76
chr22	35410707	35410732	7
chr22	35410732	35410757	5.52
chr22	35410757	35410782	5.88
chr22	35410782	35410832	6
chr22	35410832	35410857	3.96
chr22	35410857	35410882	3
chr22	35410882	35410907	2.24
chr22	35410907	35410957	1
chr22	35410957	35410982	0.12
chr22	35410982	35411007	0.44
chr22	35411007	35411182	1
chr22	35411182	35411207	0.56
chr22	35411257	35411282	2.92
chr22	35411282	35411457	4
chr22	35411457	35411482	1.08
chr22	35411807	35411832	0.72
chr22	35411832	35411882	1
chr22	35411882	35411907	1.92
chr22	35411907	35412007	2
chr22	35412007	35412032	1.28
chr22	35412032	35412082	1
chr22	35412082	35412107	0.08
chr22	35412107	35412132	0.76
chr22	35412132	35412157	3.16
chr22	35412157	35412182	4.12
chr22	35412182	35412307	5
chr22	35412307	35412332	4.24
chr22	35412332	35412357	1.84
chr22	35412357	35412382	0.88
chr22	35412382	35412407	0.08
chr22	35412407	35412432	1.2
chr22	35412432	35412457	2.88
chr22	35412457	35412557	3
chr22	35412557	35412582	4.04
chr22	35412582	35412607	4.92
chr22	35412607	35412632	3.8
chr22	35412632	35412657	2.76
chr22	35412657	35412682	3
chr22	35412682	35412707	3.2
chr22	35412707	35412757	4
chr22	35412757	35412782	2.96
chr22	35412782	35412832	2
chr22	35412832	35412857	1.8
chr22	35412857	35412882	3.32
chr22	35412882	35412907	3.8
chr22	35412907	35413032	3
chr22	35413032	35413057	2.56
chr22	35413057	35413082	0.68
chr22	35413607	35413632	0.56
chr22	35413632	35413807	1
chr22	35413807	35413832	0.44
chr22	35413832	35413857	0.36
chr22	35413857	35413882	1.16
chr22	35413882	35413982	2
chr22	35413982	35414007	2.6
chr22	35414007	35414032	3
chr22	35414032	35414057	3.16
chr22	35414057	35414082	3.2
chr22	35414082	35414182	3
chr22	35414182	35414207	2.4
chr22	35414207	35414232	2
chr22	35414232	35414257	1.48
chr22	35414257	35414282	0.64
chr22	35414657	35414682	0.64
chr22	35414682	35414732	1
chr22	35414732	35414757	1.36
chr22	35414757	35414857	2
chr22	35414857	35414882	1.36
chr22	35414882	35414907	1
chr22	35414907	35414932	1.48
chr22	35414932	35414957	3.64
chr22	35414957	35415032	3
chr22	35415032	35415057	4.04
chr22	35415057	35415107	5
chr22	35415107	35415132	4.52
chr22	35415132	35415157	2
chr22	35415157	35415182	2.28
chr22	35415182	35415207	3
chr22	35415207	35415232	4.44
chr22	35415232	35415257	3.96
chr22	35415257	35415307	3
chr22	35415307	35415332	4.12
chr22	35415332	35415357	5
chr22	35415357	35415382	4.72
chr22	35415382	35415407	4
chr22	35415407	35415432	2.56
chr22	35415432	35415482	2
chr22	35415482	35415507	2.68
chr22	35415507	35415532	1.88
chr22	35415532	35415632	1
chr22	35415632	35415657	1.92
chr22	35415657	35415682	3
chr22	35415682	35415707	2.32
chr22	35415707	35415732	2.88
chr22	35415732	35415757	4.84
chr22	35415757	35415807	5
chr22	35415807	35415832	5.08
chr22	35415832	35415857	6.08
chr22	35415857	35415882	5
chr22	35415882	35415907	5.64
chr22	35415907	35415932	6.44
chr22	35415932	35415957	5.16
chr22	35415957	35415982	5
chr22	35415982	35416007	5.12
chr22	35416007	35416032	5.92
chr22	35416032	35416082	4
chr22	35416082	35416107	3.36
chr22	35416107	35416132	1.68
chr22	35416132	35416182	1
chr22	35416182	35416207	0.88
chr22	35416232	35416257	1.68
chr22	35416257	35416282	3.72
chr22	35416282	35416432	4
chr22	35416432	35416457	2.56
chr22	35416457	35416482	1.28
chr22	35416482	35416507	1.96
chr22	35416507	35416632	2
chr22	35416632	35416657	1.76
chr22	35416657	35416682	1
chr22	35416682	35416707	0.04
chr22	35416807	35416832	0.44
chr22	35416832	35417007	1
chr22	35417007	35417032	0.56
chr22	35417182	35417207	0.8
chr22	35417207	35417232	1
chr22	35417232	35417332	2
chr22	35417332	35417357	2.08
chr22	35417357	35417382	4
chr22	35417382	35417407	3.2
chr22	35417407	35417432	3
chr22	35417432	35417457	2
chr22	35417457	35417532	3
chr22	35417532	35417557	2.92
chr22	35417557	35417582	1
chr22	35417582	35417607	2.2
chr22	35417607	35417632	4.68
chr22	35417632	35417657	5
chr22	35417657	35417757	4
chr22	35417757	35417782	4.4
chr22	35417782	35417807	5.76
chr22	35417807	35417832	3.32
chr22	35417832	35417857	3.52
chr22	35417857	35417882	5
chr22	35417882	35417907	5.68
chr22	35417907	35417932	6.56
chr22	35417932	35417957	7.88
chr22	35417957	35417982	7.6
chr22	35417982	35418007	5.72
chr22	35418007	35418032	6
chr22	35418032	35418057	6.16
chr22	35418057	35418082	5
chr22	35418082	35418107	4.32
chr22	35418107	35418132	3.44
chr22	35418132	35418157	2.96
chr22	35418157	35418182	3.96
chr22	35418182	35418207	3.32
chr22	35418207	35418232	3
chr22	35418232	35418257	2.6
chr22	35418257	35418332	3
chr22	35418332	35418357	2.16
chr22	35418357	35418382	1.04
chr22	35418382	35418432	1
chr22	35418432	35418457	0.72
chr22	35418757	35418782	0.36
chr22	35418782	35418907	2
chr22	35418907	35418932	2.24
chr22	35418932	35418957	3
chr22	35418957	35418982	2.64
chr22	35418982	35419107	1
chr22	35419107	35419132	0.76
chr22	35419132	35419157	0.96
chr22	35419157	35419182	1
chr22	35419182	35419207	1.32
chr22	35419207	35419282	2
chr22	35419282	35419307	3.2
chr22	35419307	35419332	4.12
chr22	35419332	35419357	4.04
chr22	35419357	35419382	4
chr22	35419382	35419407	4.16
chr22	35419407	35419482	4
chr22	35419482	35419507	2.8
chr22	35419507	35419532	1.88
chr22	35419532	35419582	1
chr22	35419582	35419607	0.52
chr22	35419657	35419682	0.8
chr22	35419682	35419857	1
chr22	35419857	35419882	0.2
chr22	35419907	35419932	0.76
chr22	35419932	35419957	1
chr22	35419957	35419982	2.28
chr22	35419982	35420057	4
chr22	35420057	35420082	5.64
chr22	35420082	35420107	6
chr22	35420107	35420157	6.2
chr22	35420157	35420182	5.72
chr22	35420182	35420232	4
chr22	35420232	35420257	4.76
chr22	35420257	35420282	3.56
chr22	35420282	35420307	4.44
chr22	35420307	35420332	4.6
chr22	35420332	35420357	5.8
chr22	35420357	35420432	5
chr22	35420432	35420457	4.24
chr22	35420457	35420482	4.28
chr22	35420482	35420507	3.56
chr22	35420507	35420532	2.44
chr22	35420532	35420557	1.04
chr22	35420557	35420657	2
chr22	35420657	35420682	1.56
chr22	35420682	35420707	2
chr22	35420707	35420732	2.8
chr22	35420732	35420757	2.96
chr22	35420757	35420782	2.24
chr22	35420782	35420857	3
chr22	35420857	35420882	2.96
chr22	35420882	35420907	2
chr22	35420907	35420932	1.2
chr22	35420932	35420957	1
chr22	35420957	35420982	0.76
chr22	35421057	35421082	0.44
chr22	35421082	35421207	1
chr22	35421207	35421232	1.72
chr22	35421232	35421257	2.72
chr22	35421257	35421282	2.56
chr22	35421282	35421307	2.24
chr22	35421307	35421332	3
chr22	35421332	35421357	3.24
chr22	35421357	35421382	5.36
chr22	35421382	35421407	6
chr22	35421407	35421432	5.56
chr22	35421432	35421457	6.2
chr22	35421457	35421482	6
chr22	35421482	35421507	6.12
chr22	35421507	35421532	6
chr22	35421532	35421582	5.96
chr22	35421582	35421607	8.48
chr22	35421607	35421632	8.72
chr22	35421632	35421657	8
chr22	35421657	35421682	9.6
chr22	35421682	35421707	9.64
chr22	35421707	35421732	9
chr22	35421732	35421757	8.8
chr22	35421757	35421782	7.28
chr22	35421782	35421807	4.96
chr22	35421807	35421832	5
chr22	35421832	35421857	4.08
chr22	35421857	35421882	2.4
chr22	35421882	35421907	2
chr22	35421907	35421932	2.28
chr22	35421932	35421982	3
chr22	35421982	35422007	2.64
chr22	35422007	35422032	3.48
chr22	35422032	35422057	5.6
chr22	35422057	35422082	6.56
chr22	35422082	35422107	7.36
chr22	35422107	35422132	7.72
chr22	35422132	35422157	9
chr22	35422157	35422182	10.2
chr22	35422182	35422207	11.52
chr22	35422207	35422232	10.52
chr22	35422232	35422257	8.4
chr22	35422257	35422282	7.44
chr22	35422282	35422307	6.64
chr22	35422307	35422332	6
chr22	35422332	35422357	4
chr22	35422357	35422382	2.2
chr22	35422382	35422407	0.4
chr22	35422482	35422507	1.36
chr22	35422507	35422607	2
chr22	35422607	35422632	2.96
chr22	35422632	35422682	3
chr22	35422682	35422707	1.64
chr22	35422707	35422732	1
chr22	35422732	35422757	2
chr22	35422757	35422807	3
chr22	35422807	35422832	2.04
chr22	35422832	35422857	2.64
chr22	35422857	35422882	3.48
chr22	35422882	35422907	4
chr22	35422907	35422932	5.04
chr22	35422932	35422957	5
chr22	35422957	35422982	4.96
chr22	35422982	35423007	6
chr22	35423007	35423057	6.36
chr22	35423057	35423082	5.52
chr22	35423082	35423107	5
chr22	35423107	35423132	3.96
chr22	35423132	35423157	3
chr22	35423157	35423182	3.08
chr22	35423182	35423207	3
chr22	35423207	35423232	2.64
chr22	35423232	35423257	3.92
chr22	35423257	35423282	4
chr22	35423282	35423307	4.36
chr22	35423307	35423357	5
chr22	35423357	35423382	3.96
chr22	35423382	35423407	3
chr22	35423407	35423432	4
chr22	35423432	35423457	2.08
chr22	35423457	35423482	3.32
chr22	35423482	35423507	3.64
chr22	35423507	35423532	3.12
chr22	35423532	35423557	4.4
chr22	35423557	35423607	5
chr22	35423607	35423657	4
chr22	35423657	35423682	2.68
chr22	35423682	35423707	2
chr22	35423707	35423732	1.88
chr22	35423732	35423757	0.6
chr22	35423757	35423782	0.4
chr22	35423782	35423882	1
chr22	35423882	35423932	2
chr22	35423932	35423957	2.92
chr22	35423957	35423982	4.4
chr22	35423982	35424032	4
chr22	35424032	35424057	4.76
chr22	35424057	35424082	5
chr22	35424082	35424132	4
chr22	35424132	35424157	3.08
chr22	35424157	35424182	1.4
chr22	35424182	35424207	3.2
chr22	35424207	35424232	4
chr22	35424232	35424257	3.24
chr22	35424257	35424332	3
chr22	35424332	35424357	3.2
chr22	35424357	35424382	4.48
chr22	35424382	35424407	2.8
chr22	35424407	35424432	2.08
chr22	35424432	35424482	4
chr22	35424482	35424507	4.88
chr22	35424507	35424532	5
chr22	35424532	35424557	5.12
chr22	35424557	35424582	4.32
chr22	35424582	35424607	4
chr22	35424607	35424632	4.84
chr22	35424632	35424657	4
chr22	35424657	35424682	5.76
chr22	35424682	35424707	6.08
chr22	35424707	35424732	7
chr22	35424732	35424757	6.68
chr22	35424757	35424782	6.72
chr22	35424782	35424807	8
chr22	35424807	35424832	7.08
chr22	35424832	35424857	6
chr22	35424857	35424882	4.56
chr22	35424882	35424907	4.36
chr22	35424907	35424932	5.8
chr22	35424932	35424957	6
chr22	35424957	35424982	5.6
chr22	35424982	35425057	5
chr22	35425057	35425082	7
chr22	35425082	35425107	6.68
chr22	35425107	35425132	4.2
chr22	35425132	35425157	4
chr22	35425157	35425182	3.68
chr22	35425182	35425257	3
chr22	35425257	35425282	0.68
chr22	35425307	35425332	0.16
chr22	35425332	35425357	1.64
chr22	35425357	35425432	3
