track type=wiggle_0 name="H1-hESC" description="H3K27Ac Mark (Often Found Near Regulatory Elements) on H1-hESC Cells from ENCODE"
#bedGraph section chr22:35365307-35401107
chr22	35400132	35400157	78.76
chr22	35400157	35400182	93.76
chr22	35400182	35400207	107.64
chr22	35400207	35400232	124.36
chr22	35400232	35400257	130.72
chr22	35400257	35400282	135.84
chr22	35400282	35400307	133.2
chr22	35400307	35400332	122.4
chr22	35400332	35400357	112.88
chr22	35400357	35400382	104.64
chr22	35400382	35400407	93.92
chr22	35400407	35400432	81.72
chr22	35400432	35400457	77.96
chr22	35400457	35400482	73.88
chr22	35400482	35400507	67.88
chr22	35400507	35400532	58.88
chr22	35400532	35400557	49.84
chr22	35400557	35400582	45.64
chr22	35400582	35400607	46.36
chr22	35400607	35400632	40.88
chr22	35400632	35400657	34.8
chr22	35400657	35400682	27.36
chr22	35400682	35400707	23.32
chr22	35400707	35400732	20.04
chr22	35400732	35400757	14.56
chr22	35400757	35400782	8.56
chr22	35400782	35400807	2.88
chr22	35400807	35400832	2.08
chr22	35400832	35400932	1
chr22	35400932	35400957	1.88
chr22	35400957	35400982	4
chr22	35400982	35401007	3.8
chr22	35401007	35401032	3
chr22	35401032	35401057	3.2
chr22	35401057	35401082	4.92
chr22	35401082	35401107	5.92
#bedGraph section chr22:35401107-35432557
chr22	35401107	35401132	9.84
chr22	35401132	35401157	10.48
chr22	35401157	35401182	9.84
chr22	35401182	35401207	11
chr22	35401207	35401232	11.24
chr22	35401232	35401257	12.04
chr22	35401257	35401282	11.08
chr22	35401282	35401307	10.32
chr22	35401307	35401332	7.16
chr22	35401332	35401357	5.8
chr22	35401357	35401382	5.88
chr22	35401382	35401407	5
chr22	35401407	35401432	5.52
chr22	35401432	35401457	5.28
chr22	35401457	35401482	5
chr22	35401482	35401507	5.12
chr22	35401507	35401532	5.4
chr22	35401532	35401557	8.44
chr22	35401557	35401582	9.28
chr22	35401582	35401607	9.24
chr22	35401607	35401632	10.12
chr22	35401632	35401657	9.76
chr22	35401657	35401682	11.44
chr22	35401682	35401707	13.28
chr22	35401707	35401732	12.6
chr22	35401732	35401757	9.4
chr22	35401757	35401782	7.04
chr22	35401782	35401807	7.76
chr22	35401807	35401832	7.56
chr22	35401832	35401857	8.88
chr22	35401857	35401882	7.56
chr22	35401882	35401907	7.44
chr22	35401907	35401957	8
chr22	35401957	35401982	7.96
chr22	35401982	35402007	7.36
chr22	35402007	35402032	6.56
chr22	35402032	35402057	5.76
chr22	35402057	35402082	5
chr22	35402082	35402107	3.32
chr22	35402107	35402132	6.12
chr22	35402132	35402157	7.76
chr22	35402157	35402182	8
chr22	35402182	35402207	8.64
chr22	35402207	35402232	8
chr22	35402232	35402257	7.08
chr22	35402257	35402282	7
chr22	35402282	35402307	7.48
chr22	35402307	35402332	4.88
chr22	35402332	35402357	3.24
chr22	35402357	35402382	3
chr22	35402382	35402457	2
chr22	35402457	35402482	3.28
chr22	35402482	35402507	3.12
chr22	35402507	35402557	2
chr22	35402557	35402582	3.56
chr22	35402582	35402607	5.08
chr22	35402607	35402632	7
chr22	35402632	35402657	7.44
chr22	35402657	35402682	6.72
chr22	35402682	35402707	6.68
chr22	35402707	35402757	8
chr22	35402757	35402782	7.68
chr22	35402782	35402807	7.92
chr22	35402807	35402832	6
chr22	35402832	35402857	5.56
chr22	35402857	35402882	5.04
chr22	35402882	35402907	6.16
chr22	35402907	35402932	9.72
chr22	35402932	35402957	15.08
chr22	35402957	35402982	16.36
chr22	35402982	35403032	15
chr22	35403032	35403057	15.4
chr22	35403057	35403082	15.96
chr22	35403082	35403107	14.88
chr22	35403107	35403132	10.28
chr22	35403132	35403157	5.76
chr22	35403157	35403182	4.76
chr22	35403182	35403207	6.32
chr22	35403207	35403232	7
chr22	35403232	35403257	6.96
chr22	35403257	35403282	7.96
chr22	35403282	35403307	7.28
chr22	35403307	35403332	7
chr22	35403332	35403357	6.16
chr22	35403357	35403382	4.64
chr22	35403382	35403407	3.6
chr22	35403407	35403432	3
chr22	35403432	35403457	5.36
chr22	35403457	35403482	6.72
chr22	35403482	35403507	8.44
chr22	35403507	35403532	11.44
chr22	35403532	35403557	12
chr22	35403557	35403582	13.84
chr22	35403582	35403607	13.08
chr22	35403607	35403632	13
chr22	35403632	35403657	10.28
chr22	35403657	35403682	7.32
chr22	35403682	35403707	6.2
chr22	35403707	35403732	3.56
chr22	35403732	35403757	3.48
chr22	35403757	35403782	2.16
chr22	35403782	35403807	2
chr22	35403807	35403832	2.96
chr22	35403832	35403857	3.8
chr22	35403857	35403882	4
chr22	35403882	35403907	3.36
chr22	35403907	35403932	3.6
chr22	35403932	35403957	4.24
chr22	35403957	35403982	5.12
chr22	35403982	35404007	6.48
chr22	35404007	35404032	6.56
chr22	35404032	35404057	6.2
chr22	35404057	35404107	6
chr22	35404107	35404132	5.84
chr22	35404132	35404157	5.28
chr22	35404157	35404182	4.88
chr22	35404182	35404207	3.52
chr22	35404207	35404232	2.48
chr22	35404232	35404307	2
chr22	35404307	35404332	1.56
chr22	35404332	35404357	2.36
chr22	35404357	35404382	2
chr22	35404382	35404407	3.28
chr22	35404407	35404457	4
chr22	35404457	35404482	4.56
chr22	35404482	35404532	5
chr22	35404532	35404557	3.64
chr22	35404557	35404582	4.64
chr22	35404582	35404607	4.72
chr22	35404607	35404632	4
chr22	35404632	35404657	5.56
chr22	35404657	35404682	6.08
chr22	35404682	35404707	6.04
chr22	35404707	35404732	7.96
chr22	35404732	35404757	9.04
chr22	35404757	35404782	8.36
chr22	35404782	35404807	7.24
chr22	35404807	35404832	8.36
chr22	35404832	35404857	7.44
chr22	35404857	35404882	6.36
chr22	35404882	35404907	5.96
chr22	35404907	35404932	4.04
chr22	35404932	35404957	2.96
chr22	35404957	35404982	2
chr22	35404982	35405007	1.76
chr22	35405007	35405032	0.64
chr22	35405107	35405132	1
chr22	35405132	35405157	1.32
chr22	35405157	35405232	2
chr22	35405232	35405257	2.72
chr22	35405257	35405282	4
chr22	35405282	35405332	5
chr22	35405332	35405357	4.68
chr22	35405357	35405382	4
chr22	35405382	35405407	4.8
chr22	35405407	35405432	5
chr22	35405432	35405457	4.28
chr22	35405457	35405482	3
chr22	35405482	35405507	2
chr22	35405507	35405582	1
chr22	35405582	35405607	0.2
chr22	35405682	35405707	0.48
chr22	35405707	35405882	1
chr22	35405882	35405907	1.16
chr22	35405907	35405932	1
chr22	35405932	35405957	1.72
chr22	35405957	35406082	2
chr22	35406082	35406107	1.36
chr22	35406107	35406132	1.88
chr22	35406132	35406182	1.28
chr22	35406182	35406207	2
chr22	35406207	35406232	2.96
chr22	35406232	35406257	4.72
chr22	35406257	35406307	5
chr22	35406307	35406332	4.68
chr22	35406332	35406357	5
chr22	35406357	35406382	4.88
chr22	35406382	35406407	5
chr22	35406407	35406432	5.64
chr22	35406432	35406457	5.08
chr22	35406457	35406482	6.08
chr22	35406482	35406507	7
chr22	35406507	35406532	7.24
chr22	35406532	35406557	7
chr22	35406557	35406582	6.84
chr22	35406582	35406607	6
chr22	35406607	35406632	5.36
chr22	35406632	35406657	4.2
chr22	35406657	35406682	3.2
chr22	35406682	35406707	3.92
chr22	35406707	35406732	4.2
chr22	35406732	35406757	5.44
chr22	35406757	35406807	6
chr22	35406807	35406832	5.04
chr22	35406832	35406857	5
chr22	35406857	35406882	4.72
chr22	35406882	35406907	3.08
chr22	35406907	35406932	2.08
chr22	35406932	35406957	1.64
chr22	35406957	35406982	2.2
chr22	35406982	35407082	3
chr22	35407082	35407107	3.16
chr22	35407107	35407132	5.08
chr22	35407132	35407157	4.92
chr22	35407157	35407182	3.88
chr22	35407182	35407207	4
chr22	35407207	35407232	5.88
chr22	35407232	35407257	7
chr22	35407257	35407282	7.16
chr22	35407282	35407307	7.84
chr22	35407307	35407332	5.84
chr22	35407332	35407357	5
chr22	35407357	35407382	4.92
chr22	35407382	35407407	4.88
chr22	35407407	35407432	3.12
chr22	35407432	35407457	2
chr22	35407457	35407482	1.84
chr22	35407482	35407507	1
chr22	35407507	35407532	1.96
chr22	35407532	35407557	2.8
chr22	35407557	35407582	4.12
chr22	35407582	35407607	4.64
chr22	35407607	35407682	5
chr22	35407682	35407707	5.36
chr22	35407707	35407732	5.24
chr22	35407732	35407757	5.68
chr22	35407757	35407782	4.88
chr22	35407782	35407807	3.48
chr22	35407807	35407882	3
chr22	35407882	35407907	3.56
chr22	35407907	35407932	3.8
chr22	35407932	35407957	2.52
chr22	35407957	35408007	2
chr22	35408007	35408032	2.32
chr22	35408032	35408057	3
chr22	35408057	35408082	3.68
chr22	35408082	35408107	3.08
chr22	35408107	35408132	2
chr22	35408132	35408157	2.2
chr22	35408157	35408182	3.08
chr22	35408182	35408207	4
chr22	35408207	35408232	3.68
chr22	35408232	35408257	3
chr22	35408257	35408282	3.76
chr22	35408282	35408307	4
chr22	35408307	35408332	5.08
chr22	35408332	35408357	5.8
chr22	35408357	35408382	5.6
chr22	35408382	35408407	6.44
chr22	35408407	35408432	8.64
chr22	35408432	35408457	10
chr22	35408457	35408482	10.36
chr22	35408482	35408507	11.52
chr22	35408507	35408532	10.92
chr22	35408532	35408557	10.88
chr22	35408557	35408582	11.32
chr22	35408582	35408607	9.92
chr22	35408607	35408632	8.36
chr22	35408632	35408657	7
chr22	35408657	35408682	5.64
chr22	35408682	35408707	4.48
chr22	35408707	35408732	4.08
chr22	35408732	35408757	5
chr22	35408757	35408782	4
chr22	35408782	35408807	3.76
chr22	35408807	35408857	4
chr22	35408857	35408882	3.56
chr22	35408882	35408907	3
chr22	35408907	35408932	2.92
chr22	35408932	35408957	1.12
chr22	35408957	35408982	1
chr22	35408982	35409007	0.88
chr22	35409232	35409257	0.56
chr22	35409257	35409382	1
chr22	35409382	35409407	1.8
chr22	35409407	35409432	2
chr22	35409432	35409457	1.44
chr22	35409457	35409482	1.36
chr22	35409482	35409507	2
chr22	35409507	35409532	2.68
chr22	35409532	35409582	3
chr22	35409582	35409607	3.64
chr22	35409607	35409632	4.92
chr22	35409632	35409657	6
chr22	35409657	35409682	5.64
chr22	35409682	35409707	5
chr22	35409707	35409732	4.32
chr22	35409732	35409782	4
chr22	35409782	35409807	3.4
chr22	35409807	35409832	2.08
chr22	35409832	35409957	1
chr22	35409957	35409982	2
chr22	35409982	35410007	1.16
chr22	35410007	35410032	1
chr22	35410032	35410057	2.52
chr22	35410057	35410082	3
chr22	35410082	35410107	4.56
chr22	35410107	35410132	5.12
chr22	35410132	35410157	6.16
chr22	35410157	35410182	6.08
chr22	35410182	35410207	7.8
chr22	35410207	35410232	8
chr22	35410232	35410282	6.48
chr22	35410282	35410307	5.44
chr22	35410307	35410332	5.8
chr22	35410332	35410357	6.08
chr22	35410357	35410382	6.28
chr22	35410382	35410407	6.16
chr22	35410407	35410432	8.4
chr22	35410432	35410457	9
chr22	35410457	35410482	8.52
chr22	35410482	35410507	8.24
chr22	35410507	35410532	8.08
chr22	35410532	35410557	6.76
chr22	35410557	35410582	5.72
chr22	35410582	35410607	5.04
chr22	35410607	35410632	2.6
chr22	35410632	35410657	2.48
chr22	35410657	35410682	3.64
chr22	35410682	35410707	5.48
chr22	35410707	35410732	6.8
chr22	35410732	35410757	8
chr22	35410757	35410782	8.4
chr22	35410782	35410832	9
chr22	35410832	35410857	8.52
chr22	35410857	35410882	7.36
chr22	35410882	35410907	5.28
chr22	35410907	35410932	3.2
chr22	35410932	35410957	2
chr22	35410957	35410982	1.52
chr22	35411007	35411032	0.64
chr22	35411032	35411082	1
chr22	35411082	35411107	2.32
chr22	35411107	35411132	3.2
chr22	35411132	35411157	6.24
chr22	35411157	35411207	7
chr22	35411207	35411232	7.12
chr22	35411232	35411257	7.72
chr22	35411257	35411282	8
chr22	35411282	35411307	6.76
chr22	35411307	35411332	6.88
chr22	35411332	35411357	4.76
chr22	35411357	35411407	4
chr22	35411407	35411432	4.2
chr22	35411432	35411457	4.48
chr22	35411457	35411482	5
chr22	35411482	35411507	5.08
chr22	35411507	35411532	5.24
chr22	35411532	35411557	5.8
chr22	35411557	35411582	6.04
chr22	35411582	35411607	7
chr22	35411607	35411632	6.04
chr22	35411632	35411657	5.72
chr22	35411657	35411682	5
chr22	35411682	35411707	4.84
chr22	35411707	35411757	3.68
chr22	35411757	35411782	4.96
chr22	35411782	35411807	4.76
chr22	35411807	35411832	6.52
chr22	35411832	35411857	6.6
chr22	35411857	35411882	9
chr22	35411882	35411907	10.44
chr22	35411907	35411932	11
chr22	35411932	35411957	12.2
chr22	35411957	35411982	14.16
chr22	35411982	35412007	14.24
chr22	35412007	35412032	14.56
chr22	35412032	35412057	14.48
chr22	35412057	35412082	12
chr22	35412082	35412107	11.12
chr22	35412107	35412132	11.96
chr22	35412132	35412157	9.32
chr22	35412157	35412182	6.52
chr22	35412182	35412207	6
chr22	35412207	35412232	3.92
chr22	35412232	35412282	3
chr22	35412282	35412307	2.6
chr22	35412307	35412332	2.4
chr22	35412332	35412357	3.24
chr22	35412357	35412382	3.48
chr22	35412382	35412407	5
chr22	35412407	35412432	5.6
chr22	35412432	35412457	6.28
chr22	35412457	35412482	7
chr22	35412482	35412507	6.84
chr22	35412507	35412532	5.64
chr22	35412532	35412557	5.56
chr22	35412557	35412582	4.84
chr22	35412582	35412607	3
chr22	35412607	35412657	3.08
chr22	35412657	35412682	3
chr22	35412682	35412707	3.6
chr22	35412707	35412732	4
chr22	35412732	35412757	3.8
chr22	35412757	35412782	4.84
chr22	35412782	35412807	5
chr22	35412807	35412832	4.32
chr22	35412832	35412857	5.56
chr22	35412857	35412882	6
chr22	35412882	35412907	5.4
chr22	35412907	35412932	5
chr22	35412932	35412957	4.68
chr22	35412957	35412982	4.16
chr22	35412982	35413032	4
chr22	35413032	35413057	2.4
chr22	35413057	35413132	2
chr22	35413132	35413157	1.72
chr22	35413157	35413232	1
chr22	35413232	35413257	0.68
chr22	35413432	35413457	0.72
chr22	35413457	35413482	1
chr22	35413482	35413507	1.76
chr22	35413507	35413582	2
chr22	35413582	35413607	2.32
chr22	35413607	35413632	3
chr22	35413632	35413657	2.28
chr22	35413657	35413682	2
chr22	35413682	35413707	1.76
chr22	35413707	35413782	3
chr22	35413782	35413807	3.12
chr22	35413807	35413832	4
chr22	35413832	35413857	4.08
chr22	35413857	35413882	5
chr22	35413882	35413907	4.48
chr22	35413907	35413932	3
chr22	35413932	35413957	3.96
chr22	35413957	35413982	4
chr22	35413982	35414007	3.56
chr22	35414007	35414032	2
chr22	35414032	35414057	2.6
chr22	35414057	35414107	2
chr22	35414107	35414132	3.52
chr22	35414132	35414157	3.04
chr22	35414157	35414182	3.28
chr22	35414182	35414232	4
chr22	35414232	35414257	3.32
chr22	35414257	35414282	3.28
chr22	35414282	35414307	4
chr22	35414307	35414332	2.48
chr22	35414332	35414357	2
chr22	35414357	35414382	1.72
chr22	35414382	35414457	1
chr22	35414457	35414482	0.72
chr22	35414682	35414707	1
chr22	35414707	35414732	2.16
chr22	35414732	35414757	3
chr22	35414757	35414782	3.72
chr22	35414782	35414807	5.08
chr22	35414807	35414882	6
chr22	35414882	35414907	5.84
chr22	35414907	35414932	4.84
chr22	35414932	35414957	4
chr22	35414957	35414982	3.28
chr22	35414982	35415007	1.92
chr22	35415007	35415057	1
chr22	35415057	35415082	1.2
chr22	35415082	35415107	1.72
chr22	35415107	35415157	2
chr22	35415157	35415182	3.6
chr22	35415182	35415232	5
chr22	35415232	35415257	5.4
chr22	35415257	35415282	5.8
chr22	35415282	35415307	5.76
chr22	35415307	35415332	6
chr22	35415332	35415357	6.32
chr22	35415357	35415382	5.8
chr22	35415382	35415432	5
chr22	35415432	35415457	4.6
chr22	35415457	35415482	4.56
chr22	35415482	35415507	3.68
chr22	35415507	35415532	3
chr22	35415532	35415557	3.32
chr22	35415557	35415582	2.6
chr22	35415582	35415657	2
chr22	35415657	35415682	1.44
chr22	35415682	35415707	1.6
chr22	35415707	35415732	2
chr22	35415732	35415757	2.96
chr22	35415757	35415782	3
chr22	35415782	35415807	3.84
chr22	35415807	35415857	4
chr22	35415857	35415882	4.52
chr22	35415882	35415907	4.4
chr22	35415907	35415932	5.44
chr22	35415932	35415957	4.4
chr22	35415957	35415982	4.84
chr22	35415982	35416007	4.52
chr22	35416007	35416032	5
chr22	35416032	35416057	5.52
chr22	35416057	35416082	5.48
chr22	35416082	35416107	5
chr22	35416107	35416132	3.56
chr22	35416132	35416157	3.68
chr22	35416157	35416182	3.16
chr22	35416182	35416207	2.68
chr22	35416207	35416232	3
chr22	35416232	35416257	2.48
chr22	35416257	35416282	2.88
chr22	35416282	35416332	4
chr22	35416332	35416357	3.32
chr22	35416357	35416382	3
chr22	35416382	35416407	2.96
chr22	35416407	35416432	2
chr22	35416432	35416457	2.08
chr22	35416457	35416482	2.12
chr22	35416482	35416507	1.48
chr22	35416507	35416557	2
chr22	35416557	35416582	2.28
chr22	35416582	35416607	3.76
chr22	35416607	35416632	5.36
chr22	35416632	35416657	7.4
chr22	35416657	35416682	7.6
chr22	35416682	35416707	7.52
chr22	35416707	35416732	7
chr22	35416732	35416757	7.84
chr22	35416757	35416782	7.72
chr22	35416782	35416807	7
chr22	35416807	35416832	5.64
chr22	35416832	35416857	3.52
chr22	35416857	35416882	5.24
chr22	35416882	35416932	7
chr22	35416932	35416957	6.16
chr22	35416957	35416982	6
chr22	35416982	35417007	5.88
chr22	35417007	35417032	6.88
chr22	35417032	35417057	7.72
chr22	35417057	35417082	5.16
chr22	35417082	35417107	3
chr22	35417107	35417132	3.92
chr22	35417132	35417182	4
chr22	35417182	35417207	3.4
chr22	35417207	35417232	4.04
chr22	35417232	35417257	3.4
chr22	35417257	35417307	4
chr22	35417307	35417332	3.08
chr22	35417332	35417357	3
chr22	35417357	35417382	4.76
chr22	35417382	35417407	4.96
chr22	35417407	35417432	3.08
chr22	35417432	35417457	2.88
chr22	35417457	35417482	2
chr22	35417482	35417507	2.36
chr22	35417507	35417557	3
chr22	35417557	35417582	1.24
chr22	35417582	35417607	1.32
chr22	35417607	35417632	2
chr22	35417632	35417657	2.64
chr22	35417657	35417682	3.64
chr22	35417682	35417707	4.64
chr22	35417707	35417732	4.52
chr22	35417732	35417757	5
chr22	35417757	35417782	5.72
chr22	35417782	35417807	7.64
chr22	35417807	35417857	9.56
chr22	35417857	35417882	10
chr22	35417882	35417907	9
chr22	35417907	35417932	8.88
chr22	35417932	35417957	9
chr22	35417957	35417982	8.28
chr22	35417982	35418007	6.04
chr22	35418007	35418032	3.44
chr22	35418032	35418057	2.8
chr22	35418057	35418082	1.36
chr22	35418082	35418107	1
chr22	35418107	35418132	2
chr22	35418132	35418157	3.76
chr22	35418157	35418182	5
chr22	35418182	35418207	5.72
chr22	35418207	35418307	6
chr22	35418307	35418332	4.6
chr22	35418332	35418357	2.24
chr22	35418357	35418382	1
chr22	35418382	35418407	0.28
chr22	35418807	35418832	0.28
chr22	35418832	35418857	2.4
chr22	35418857	35418882	3.24
chr22	35418882	35418907	4
chr22	35418907	35418932	4.16
chr22	35418932	35418957	5.8
chr22	35418957	35419007	6
chr22	35419007	35419032	5.72
chr22	35419032	35419057	3.6
chr22	35419057	35419082	2.76
chr22	35419082	35419107	2
chr22	35419107	35419132	1.84
chr22	35419132	35419157	0.2
chr22	35419182	35419207	1.36
chr22	35419207	35419232	2
chr22	35419232	35419257	2.6
chr22	35419257	35419282	4.32
chr22	35419282	35419357	6
chr22	35419357	35419382	6.96
chr22	35419382	35419407	5.64
chr22	35419407	35419432	5
chr22	35419432	35419457	4.4
chr22	35419457	35419482	4.56
chr22	35419482	35419557	4
chr22	35419557	35419582	3.04
chr22	35419582	35419607	3.6
chr22	35419607	35419632	4
chr22	35419632	35419657	4.88
chr22	35419657	35419682	3.56
chr22	35419682	35419707	3
chr22	35419707	35419732	3.24
chr22	35419732	35419782	5
chr22	35419782	35419807	4.44
chr22	35419807	35419832	5.44
chr22	35419832	35419857	5.12
chr22	35419857	35419882	5.16
chr22	35419882	35419907	5
chr22	35419907	35419932	4.76
chr22	35419932	35419982	3
chr22	35419982	35420007	2.96
chr22	35420007	35420032	1.56
chr22	35420032	35420057	1
chr22	35420057	35420082	0.4
chr22	35420257	35420282	0.64
chr22	35420282	35420307	1.72
chr22	35420307	35420332	2.52
chr22	35420332	35420407	4
chr22	35420407	35420432	4.4
chr22	35420432	35420457	5.56
chr22	35420457	35420482	5.88
chr22	35420482	35420507	5.28
chr22	35420507	35420532	4.48
chr22	35420532	35420607	3
chr22	35420607	35420632	2.6
chr22	35420632	35420657	1.56
chr22	35420657	35420682	2.84
chr22	35420682	35420707	3.48
chr22	35420707	35420782	4
chr22	35420782	35420807	5.04
chr22	35420807	35420832	6
chr22	35420832	35420857	6.84
chr22	35420857	35420882	4.64
chr22	35420882	35420907	3.52
chr22	35420907	35420932	3
chr22	35420932	35420957	3.76
chr22	35420957	35420982	4.68
chr22	35420982	35421007	3.96
chr22	35421007	35421032	3
chr22	35421032	35421057	2.04
chr22	35421057	35421082	2
chr22	35421082	35421107	2.24
chr22	35421107	35421132	3
chr22	35421132	35421157	2.24
chr22	35421157	35421182	1.32
chr22	35421182	35421257	1
chr22	35421257	35421282	1.32
chr22	35421282	35421307	1.76
chr22	35421307	35421332	1.28
chr22	35421332	35421357	2
chr22	35421357	35421382	2.96
chr22	35421382	35421407	3.28
chr22	35421407	35421432	4.28
chr22	35421432	35421457	5.12
chr22	35421457	35421482	5.68
chr22	35421482	35421507	5
chr22	35421507	35421532	4.72
chr22	35421532	35421557	4.56
chr22	35421557	35421582	5.6
chr22	35421582	35421607	5.72
chr22	35421607	35421632	5.2
chr22	35421632	35421657	5.84
chr22	35421657	35421732	5
chr22	35421732	35421757	4.44
chr22	35421757	35421782	3.2
chr22	35421782	35421807	3
chr22	35421807	35421832	2.52
chr22	35421832	35421857	1.36
chr22	35421857	35421907	2
chr22	35421907	35421932	3.36
chr22	35421932	35421957	5.76
chr22	35421957	35421982	6.24
chr22	35421982	35422007	6.88
chr22	35422007	35422057	8.68
chr22	35422057	35422082	8.6
chr22	35422082	35422107	9
chr22	35422107	35422132	7.64
chr22	35422132	35422157	5.24
chr22	35422157	35422182	4
chr22	35422182	35422207	3.12
chr22	35422207	35422232	1.32
chr22	35422232	35422257	1
chr22	35422257	35422282	1.16
chr22	35422282	35422332	1
chr22	35422332	35422357	1.72
chr22	35422357	35422432	2
chr22	35422432	35422457	2.32
chr22	35422457	35422482	3.24
chr22	35422482	35422532	3
chr22	35422532	35422557	2.56
chr22	35422557	35422582	3
chr22	35422582	35422607	3.16
chr22	35422607	35422632	4.08
chr22	35422632	35422657	5.2
chr22	35422657	35422782	4
chr22	35422782	35422807	4.32
chr22	35422807	35422832	3.92
chr22	35422832	35422857	2.48
chr22	35422857	35422932	2
chr22	35422932	35422957	2.8
chr22	35422957	35422982	3
chr22	35422982	35423007	3.28
chr22	35423007	35423032	3
chr22	35423032	35423057	3.92
chr22	35423057	35423082	4
chr22	35423082	35423107	4.8
chr22	35423107	35423132	5.36
chr22	35423132	35423157	4.92
chr22	35423157	35423182	4.68
chr22	35423182	35423207	5.28
chr22	35423207	35423232	7.84
chr22	35423232	35423257	8.24
chr22	35423257	35423282	10
chr22	35423282	35423307	10.2
chr22	35423307	35423332	9.68
chr22	35423332	35423357	10.8
chr22	35423357	35423382	10.32
chr22	35423382	35423407	9.84
chr22	35423407	35423432	7.16
chr22	35423432	35423457	5.84
chr22	35423457	35423482	4.56
chr22	35423482	35423507	4
chr22	35423507	35423532	3.96
chr22	35423532	35423557	3.52
chr22	35423557	35423582	4
chr22	35423582	35423607	3.36
chr22	35423607	35423632	4.16
chr22	35423632	35423657	5
chr22	35423657	35423682	6.2
chr22	35423682	35423732	6
chr22	35423732	35423757	4.68
chr22	35423757	35423782	4.76
chr22	35423782	35423807	5.72
chr22	35423807	35423832	4.84
chr22	35423832	35423857	4
chr22	35423857	35423882	3.56
chr22	35423882	35423907	4
chr22	35423907	35423932	4.12
chr22	35423932	35423957	5.92
chr22	35423957	35423982	6.24
chr22	35423982	35424007	5.56
chr22	35424007	35424057	6
chr22	35424057	35424082	4.68
chr22	35424082	35424107	4.32
chr22	35424107	35424132	4.92
chr22	35424132	35424157	4.08
chr22	35424157	35424182	3.72
chr22	35424182	35424207	3.48
chr22	35424207	35424232	3
chr22	35424232	35424257	3.48
chr22	35424257	35424282	4
chr22	35424282	35424307	4.28
chr22	35424307	35424332	4.84
chr22	35424332	35424357	4
chr22	35424357	35424382	3.28
chr22	35424382	35424407	3
chr22	35424407	35424432	5.16
chr22	35424432	35424457	6.24
chr22	35424457	35424482	6.12
chr22	35424482	35424507	6.64
chr22	35424507	35424532	6.12
chr22	35424532	35424607	6
chr22	35424607	35424632	3.84
chr22	35424632	35424657	2.28
chr22	35424657	35424682	2.48
chr22	35424682	35424707	1.76
chr22	35424707	35424732	4.28
chr22	35424732	35424757	6
chr22	35424757	35424782	7.84
chr22	35424782	35424807	8
chr22	35424807	35424832	8.16
chr22	35424832	35424857	10
chr22	35424857	35424882	10.04
chr22	35424882	35424907	10.24
chr22	35424907	35424932	7.72
chr22	35424932	35424957	7.32
chr22	35424957	35424982	8.36
chr22	35424982	35425007	9
chr22	35425007	35425032	9.6
chr22	35425032	35425057	8
chr22	35425057	35425082	7.36
chr22	35425082	35425107	6.96
chr22	35425107	35425132	7
chr22	35425132	35425157	5.68
chr22	35425157	35425182	2.8
chr22	35425182	35425207	2
chr22	35425207	35425232	1.24
chr22	35425232	35425257	1
chr22	35425257	35425282	1.04
chr22	35425282	35425307	1.8
chr22	35425307	35425357	1
chr22	35425357	35425382	1.28
chr22	35425382	35425407	2
chr22	35425407	35425432	2.52
