track type=wiggle_0 name="K562" description="H3K4Me3 Mark (Often Found Near Promoters) on K562 Cells from ENCODE"
#bedGraph section chr22:35333207-35404482
chr22	35400132	35400157	38
chr22	35400157	35400182	51.6
chr22	35400182	35400207	56.48
chr22	35400207	35400232	65.12
chr22	35400232	35400257	71.68
chr22	35400257	35400282	77.84
chr22	35400282	35400307	78.92
chr22	35400307	35400332	77.16
chr22	35400332	35400357	70.76
chr22	35400357	35400382	60.64
chr22	35400382	35400407	61.32
chr22	35400407	35400432	56.28
chr22	35400432	35400457	49.44
chr22	35400457	35400482	42.56
chr22	35400482	35400507	37.4
chr22	35400507	35400532	35.76
chr22	35400532	35400557	35.24
chr22	35400557	35400582	38.64
chr22	35400582	35400607	35.96
chr22	35400607	35400632	33.88
chr22	35400632	35400657	34.32
chr22	35400657	35400682	35.68
chr22	35400682	35400707	35.72
chr22	35400707	35400732	31.28
chr22	35400732	35400757	25.64
chr22	35400757	35400782	20.72
chr22	35400782	35400807	20.36
chr22	35400807	35400832	18.96
chr22	35400832	35400857	17.4
chr22	35400857	35400882	14.68
chr22	35400882	35400907	10.72
chr22	35400907	35400932	10.2
chr22	35400932	35400957	13.72
chr22	35400957	35400982	12.04
chr22	35400982	35401007	8.68
chr22	35401007	35401032	8.24
chr22	35401032	35401057	13.4
chr22	35401057	35401082	16.64
chr22	35401082	35401107	20.84
chr22	35401107	35401132	25.8
chr22	35401132	35401157	25.36
chr22	35401157	35401182	30.84
chr22	35401182	35401207	34.44
chr22	35401207	35401232	35.2
chr22	35401232	35401257	32.72
chr22	35401257	35401282	33.08
chr22	35401282	35401307	31.6
chr22	35401307	35401332	29.88
chr22	35401332	35401357	30.72
chr22	35401357	35401382	26
chr22	35401382	35401407	21.72
chr22	35401407	35401432	21.64
chr22	35401432	35401457	19.88
chr22	35401457	35401482	16.28
chr22	35401482	35401507	14.64
chr22	35401507	35401532	12.84
chr22	35401532	35401557	12.16
chr22	35401557	35401582	14.4
chr22	35401582	35401607	15.24
chr22	35401607	35401632	15.12
chr22	35401632	35401657	15.08
chr22	35401657	35401682	17.52
chr22	35401682	35401707	20.56
chr22	35401707	35401732	22.76
chr22	35401732	35401757	22.08
chr22	35401757	35401782	18.76
chr22	35401782	35401807	18.64
chr22	35401807	35401832	17.28
chr22	35401832	35401857	16.04
chr22	35401857	35401882	15.24
chr22	35401882	35401907	11.36
chr22	35401907	35401932	8.76
chr22	35401932	35401957	9.32
chr22	35401957	35401982	9.2
chr22	35401982	35402007	8.84
chr22	35402007	35402032	8
chr22	35402032	35402057	7.88
chr22	35402057	35402082	6.24
chr22	35402082	35402107	6
chr22	35402107	35402132	5.12
chr22	35402132	35402157	2
chr22	35402157	35402182	1.8
chr22	35402182	35402207	1
chr22	35402207	35402232	1.36
chr22	35402232	35402307	2
chr22	35402307	35402332	1.64
chr22	35402332	35402407	1
chr22	35402407	35402432	1.56
chr22	35402432	35402532	2
chr22	35402532	35402557	2.76
chr22	35402557	35402607	3
chr22	35402607	35402632	3.8
chr22	35402632	35402732	4
chr22	35402732	35402757	3.24
chr22	35402757	35402782	3.88
chr22	35402782	35402807	4
chr22	35402807	35402832	3.08
chr22	35402832	35402932	3
chr22	35402932	35402957	3.32
chr22	35402957	35402982	3.12
chr22	35402982	35403007	3
chr22	35403007	35403032	2.4
chr22	35403032	35403057	2.8
chr22	35403057	35403107	3
chr22	35403107	35403132	3.36
chr22	35403132	35403157	3.68
chr22	35403157	35403207	3
chr22	35403207	35403232	2.8
chr22	35403232	35403257	1.2
chr22	35403257	35403307	1
chr22	35403307	35403332	1.44
chr22	35403332	35403507	2
chr22	35403507	35403532	1.2
chr22	35403907	35403932	0.48
chr22	35403932	35404107	3
chr22	35404107	35404132	2.52
chr22	35404257	35404282	0.88
chr22	35404282	35404457	1
chr22	35404457	35404482	0.12
#bedGraph section chr22:35404482-35498628
chr22	35404482	35404507	0.8
chr22	35404507	35404682	1
chr22	35404682	35404707	0.2
chr22	35406032	35406057	0.84
chr22	35406057	35406082	1
chr22	35406082	35406107	1.8
chr22	35406107	35406132	2
chr22	35406132	35406157	2.76
chr22	35406157	35406232	4
chr22	35406232	35406257	3.16
chr22	35406257	35406282	3
chr22	35406282	35406307	2.2
chr22	35406307	35406332	2
chr22	35406332	35406357	1.24
chr22	35406382	35406407	0.24
chr22	35406407	35406532	2
chr22	35406532	35406557	2.64
chr22	35406557	35406582	3
chr22	35406582	35406607	3.6
chr22	35406607	35406732	2
chr22	35406732	35406757	1.36
chr22	35406757	35406782	1
chr22	35406782	35406807	0.16
chr22	35408007	35408032	0.16
chr22	35408032	35408082	1
chr22	35408082	35408107	1.24
chr22	35408107	35408207	2
chr22	35408207	35408232	1.84
chr22	35408232	35408282	1
chr22	35408282	35408307	0.96
chr22	35408307	35408457	1
chr22	35408457	35408482	1.2
chr22	35408482	35408507	1.8
chr22	35408507	35408532	1
chr22	35408532	35408657	2
chr22	35408657	35408682	1.8
chr22	35408682	35408732	1
chr22	35409607	35409632	0.52
chr22	35409632	35409807	1
chr22	35409807	35409832	1.2
chr22	35409832	35409857	1
chr22	35409857	35409882	1.2
chr22	35409882	35409907	2.52
chr22	35409907	35409932	3
chr22	35409932	35409957	3.32
chr22	35409957	35410007	4
chr22	35410007	35410032	3.28
chr22	35410032	35410057	3
chr22	35410057	35410082	2.8
chr22	35410082	35410107	1.48
chr22	35410107	35410132	1
chr22	35410132	35410157	0.68
chr22	35410182	35410207	0.12
chr22	35410207	35410232	1
chr22	35410232	35410257	1.84
chr22	35410257	35410307	2
chr22	35410307	35410332	2.24
chr22	35410332	35410382	3
chr22	35410382	35410407	2.88
chr22	35410407	35410432	2
chr22	35410432	35410457	1.16
chr22	35410457	35410507	1
chr22	35410507	35410532	0.76
chr22	35410907	35410932	0.08
chr22	35410932	35410957	1.72
chr22	35410957	35411107	2
chr22	35411107	35411132	1.92
chr22	35411132	35411157	0.88
chr22	35411157	35411307	1
chr22	35411307	35411332	1.28
chr22	35411332	35411357	1.4
chr22	35411357	35411507	1
chr22	35411507	35411532	0.72
chr22	35412182	35412207	0.6
chr22	35412207	35412332	1
chr22	35412332	35412357	1.96
chr22	35412357	35412382	2
chr22	35412382	35412407	1.4
chr22	35412407	35412507	1
chr22	35412507	35412532	2
chr22	35412532	35412557	1.04
chr22	35412557	35412707	1
chr22	35413757	35413782	0.16
chr22	35413782	35413907	1
chr22	35413907	35413932	1.16
chr22	35413932	35413957	2
chr22	35413957	35413982	1.84
chr22	35413982	35414107	1
chr22	35414107	35414132	0.84
chr22	35414932	35414957	0.84
chr22	35414957	35415132	1
chr22	35415132	35415157	0.16
chr22	35415232	35415432	1
chr22	35415932	35415957	0.44
chr22	35415957	35416007	1
chr22	35416007	35416032	2.32
chr22	35416032	35416057	3.6
chr22	35416057	35416132	4
chr22	35416132	35416157	3.56
chr22	35416157	35416182	3.2
chr22	35416182	35416207	4
chr22	35416207	35416232	3.12
chr22	35416232	35416257	2.4
chr22	35416257	35416307	2
chr22	35416307	35416332	4.64
chr22	35416332	35416357	5
chr22	35416357	35416382	4.8
chr22	35416382	35416407	4
chr22	35416407	35416432	3.56
chr22	35416432	35416507	3
chr22	35416507	35416532	0.36
chr22	35416582	35416607	0.24
chr22	35416607	35416782	1
chr22	35416782	35416807	0.76
chr22	35417257	35417282	0.2
chr22	35417282	35417457	1
chr22	35417457	35417482	1.24
chr22	35417482	35417657	1
chr22	35417657	35417682	0.56
chr22	35417707	35417732	0.16
chr22	35417732	35417832	1
chr22	35417832	35417857	1.44
chr22	35417857	35417907	2
chr22	35417907	35417932	1.84
chr22	35417932	35417957	1.24
chr22	35417957	35418032	2
chr22	35418032	35418057	1.56
chr22	35418057	35418082	1
chr22	35418082	35418107	1.72
chr22	35418107	35418132	2
chr22	35418132	35418157	1.76
chr22	35418157	35418282	1
chr22	35418282	35418307	0.28
chr22	35418332	35418357	0.04
chr22	35418357	35418382	1.36
chr22	35418382	35418532	2
chr22	35418532	35418557	1.96
chr22	35418557	35418582	0.64
chr22	35418807	35418832	0.48
chr22	35418832	35418982	3
chr22	35418982	35419007	3.48
chr22	35419007	35419032	3.52
chr22	35419032	35419182	1
chr22	35419182	35419207	0.52
chr22	35419957	35419982	0.32
chr22	35419982	35420032	1
chr22	35420032	35420057	1.8
chr22	35420057	35420157	2
chr22	35420157	35420182	1.68
chr22	35420182	35420207	1
chr22	35420207	35420232	2.12
chr22	35420232	35420257	2.2
chr22	35420257	35420307	2
chr22	35420307	35420332	3.92
chr22	35420332	35420407	4
chr22	35420407	35420432	2.88
chr22	35420432	35420507	2
chr22	35420507	35420532	0.08
chr22	35420557	35420582	0.16
chr22	35420582	35420607	2
chr22	35420607	35420632	2.6
chr22	35420632	35420757	3
chr22	35420757	35420782	2.84
chr22	35420782	35420807	1
chr22	35420807	35420832	1.28
chr22	35420832	35420907	1
chr22	35420907	35420932	1.56
chr22	35420932	35420982	3
chr22	35420982	35421007	3.2
chr22	35421007	35421032	3.12
chr22	35421032	35421107	3
chr22	35421107	35421132	2.44
chr22	35421132	35421182	1
chr22	35421182	35421207	0.8
chr22	35421382	35421407	0.08
chr22	35421407	35421507	1
chr22	35421507	35421532	3.16
chr22	35421532	35421582	4
chr22	35421582	35421607	3.92
chr22	35421607	35421707	3
chr22	35421707	35421732	0.84
chr22	35422032	35422232	1
chr22	35422232	35422257	0.68
chr22	35422257	35422282	1
chr22	35422282	35422307	1.4
chr22	35422307	35422432	2
chr22	35422432	35422457	1.32
chr22	35422457	35422482	1
chr22	35422482	35422507	0.6
chr22	35422832	35422857	0.32
chr22	35422857	35423032	1
chr22	35423032	35423057	0.68
chr22	35423382	35423407	0.36
chr22	35423407	35423457	1
chr22	35423457	35423482	1.88
chr22	35423482	35423582	2
chr22	35423582	35423607	1.64
chr22	35423607	35423657	1
chr22	35423657	35423682	0.12
chr22	35423932	35423957	0.4
chr22	35423957	35423982	1.08
chr22	35423982	35424132	2
chr22	35424132	35424157	1.6
chr22	35424157	35424182	0.92
chr22	35424732	35424757	0.68
chr22	35424757	35424932	1
chr22	35424932	35424957	0.32
chr22	35424982	35425007	0.28
chr22	35425007	35425182	1
chr22	35425182	35425207	0.72
chr22	35425207	35425232	0.28
chr22	35425232	35425282	1
chr22	35425282	35425307	1.04
chr22	35425307	35425407	2
chr22	35425407	35425432	1.72
