track type=wiggle_0 name="K562" description="H3K4Me1 Mark (Often Found Near Regulatory Elements) on K562 Cells from ENCODE"
#bedGraph section chr22:35399232-35457182
chr22	35400182	35400207	0.48
chr22	35400207	35400232	1.24
chr22	35400232	35400357	2
chr22	35400357	35400382	2.64
chr22	35400382	35400407	3
chr22	35400407	35400432	2.16
chr22	35400432	35400507	2
chr22	35400507	35400532	2.08
chr22	35400532	35400557	2.76
chr22	35400557	35400582	1.96
chr22	35400582	35400607	2.72
chr22	35400607	35400707	4
chr22	35400707	35400732	3.32
chr22	35400732	35400757	4.08
chr22	35400757	35400782	3.68
chr22	35400782	35400807	2.92
chr22	35400807	35400832	3.8
chr22	35400832	35400907	4
chr22	35400907	35400932	3.48
chr22	35400932	35400957	2.68
chr22	35400957	35400982	4.6
chr22	35400982	35401007	3.76
chr22	35401007	35401032	4
chr22	35401032	35401057	4.8
chr22	35401057	35401082	5.36
chr22	35401082	35401107	6
chr22	35401107	35401132	7.28
chr22	35401132	35401157	9.28
chr22	35401157	35401182	13
chr22	35401182	35401207	15
chr22	35401207	35401232	19.88
chr22	35401232	35401257	23.84
chr22	35401257	35401282	26.72
chr22	35401282	35401307	27.44
chr22	35401307	35401332	24.92
chr22	35401332	35401357	20.2
chr22	35401357	35401382	18.8
chr22	35401382	35401407	14.4
chr22	35401407	35401432	13.44
chr22	35401432	35401457	11.68
chr22	35401457	35401482	10.8
chr22	35401482	35401507	12.48
chr22	35401507	35401532	14.76
chr22	35401532	35401557	16.92
chr22	35401557	35401582	19.52
chr22	35401582	35401607	18.4
chr22	35401607	35401632	15.64
chr22	35401632	35401657	20.36
chr22	35401657	35401682	23.04
chr22	35401682	35401707	23
chr22	35401707	35401732	20.28
chr22	35401732	35401757	17.92
chr22	35401757	35401782	19.04
chr22	35401782	35401807	19.36
chr22	35401807	35401832	16.16
chr22	35401832	35401857	12.32
chr22	35401857	35401882	10.4
chr22	35401882	35401907	12
chr22	35401907	35401932	11.64
chr22	35401932	35401957	12.4
chr22	35401957	35401982	17.44
chr22	35401982	35402007	19.2
chr22	35402007	35402032	22.16
chr22	35402032	35402082	22.92
chr22	35402082	35402107	23.12
chr22	35402107	35402132	22.72
chr22	35402132	35402157	17.52
chr22	35402157	35402182	13.64
chr22	35402182	35402207	10.44
chr22	35402207	35402232	8.2
chr22	35402232	35402257	7.16
chr22	35402257	35402282	6.2
chr22	35402282	35402307	5.6
chr22	35402307	35402332	4
chr22	35402332	35402357	4.32
chr22	35402357	35402382	5.84
chr22	35402382	35402407	7.36
chr22	35402407	35402432	6.68
chr22	35402432	35402457	6
chr22	35402457	35402482	6.64
chr22	35402482	35402532	7
chr22	35402532	35402582	7.4
chr22	35402582	35402607	7.72
chr22	35402607	35402632	9.68
chr22	35402632	35402657	11.36
chr22	35402657	35402682	11.52
chr22	35402682	35402707	13.52
chr22	35402707	35402732	13.96
chr22	35402732	35402757	11.84
chr22	35402757	35402782	11.08
chr22	35402782	35402807	10.04
chr22	35402807	35402832	8.08
chr22	35402832	35402857	7.16
chr22	35402857	35402882	7.28
chr22	35402882	35402907	6.8
chr22	35402907	35402932	7.12
chr22	35402932	35402957	7.44
chr22	35402957	35402982	7.08
chr22	35402982	35403007	7
chr22	35403007	35403032	6.8
chr22	35403032	35403082	4.12
chr22	35403082	35403107	5.24
chr22	35403107	35403132	7.16
chr22	35403132	35403157	7.92
chr22	35403157	35403182	7.24
chr22	35403182	35403207	8
chr22	35403207	35403232	8.56
chr22	35403232	35403257	8.96
chr22	35403257	35403282	8.6
chr22	35403282	35403307	6.92
chr22	35403307	35403332	5.6
chr22	35403332	35403357	6.04
chr22	35403357	35403382	6.68
chr22	35403382	35403407	8.32
chr22	35403407	35403432	9.72
chr22	35403432	35403457	11.48
chr22	35403457	35403482	11.72
chr22	35403482	35403507	11.84
chr22	35403507	35403532	11.88
chr22	35403532	35403557	12.12
chr22	35403557	35403582	10.56
chr22	35403582	35403607	9.64
chr22	35403607	35403632	7.8
chr22	35403632	35403657	5.8
chr22	35403657	35403682	4.28
chr22	35403682	35403707	3.52
chr22	35403707	35403732	2.52
chr22	35403732	35403757	2.2
chr22	35403757	35403782	2.04
chr22	35403782	35403882	1
chr22	35403882	35403907	2.44
chr22	35403907	35403932	3.36
chr22	35403932	35403957	3.2
chr22	35403957	35403982	3.6
chr22	35403982	35404007	4.12
chr22	35404007	35404032	5.92
chr22	35404032	35404057	6
chr22	35404057	35404082	6.6
chr22	35404082	35404107	6
chr22	35404107	35404132	5.6
chr22	35404132	35404157	5.8
chr22	35404157	35404182	5.56
chr22	35404182	35404207	5.52
chr22	35404207	35404232	5.4
chr22	35404232	35404257	5.76
chr22	35404257	35404282	5.16
chr22	35404282	35404307	4.84
chr22	35404307	35404332	4
chr22	35404332	35404357	3.84
chr22	35404357	35404382	2.64
chr22	35404382	35404407	2
chr22	35404407	35404432	1
chr22	35404432	35404457	1.12
chr22	35404457	35404482	2.12
chr22	35404482	35404557	3
chr22	35404557	35404582	3.68
chr22	35404582	35404607	4
chr22	35404607	35404632	3.64
chr22	35404632	35404657	2.08
chr22	35404657	35404682	2.16
chr22	35404682	35404732	2
chr22	35404732	35404757	1.72
chr22	35404757	35404832	1
chr22	35404832	35404857	0.52
chr22	35405107	35405132	0.72
chr22	35405132	35405282	1
chr22	35405282	35405307	0.8
chr22	35405307	35405482	1
chr22	35405482	35405507	0.28
chr22	35405607	35405632	1.44
chr22	35405632	35405782	2
chr22	35405782	35405807	1.36
chr22	35405857	35405882	1.72
chr22	35405882	35406032	2
chr22	35406032	35406057	1.08
chr22	35406082	35406107	0.2
chr22	35406107	35406282	1
chr22	35406282	35406307	0.2
chr22	35406332	35406357	0.44
chr22	35406357	35406507	1
chr22	35406507	35406532	1.88
chr22	35406532	35406557	1.56
chr22	35406557	35406632	2
chr22	35406632	35406657	2.72
chr22	35406657	35406682	3
chr22	35406682	35406707	2.48
chr22	35406707	35406732	1.84
chr22	35406732	35406757	1
chr22	35406757	35406782	1.32
chr22	35406782	35406807	2
chr22	35406807	35406832	1.68
chr22	35406832	35406957	1
chr22	35406957	35406982	0.08
chr22	35407082	35407107	0.28
chr22	35407107	35407282	1
chr22	35407282	35407307	0.12
chr22	35407332	35407357	1.12
chr22	35407357	35407457	2
chr22	35407457	35407482	2.96
chr22	35407482	35407507	3
chr22	35407507	35407532	2.68
chr22	35407532	35407632	1
chr22	35407632	35407657	0.44
chr22	35407757	35407782	0.52
chr22	35407782	35407932	1
chr22	35407932	35407957	0.88
chr22	35408032	35408057	0.88
chr22	35408057	35408207	1
chr22	35408207	35408232	0.52
chr22	35408282	35408307	0.44
chr22	35408307	35408457	1
chr22	35408457	35408482	0.96
chr22	35408557	35408582	0.4
chr22	35408582	35408607	1.4
chr22	35408607	35408632	2
chr22	35408632	35408657	2.44
chr22	35408657	35408682	3
chr22	35408682	35408707	3.64
chr22	35408707	35408757	4
chr22	35408757	35408782	3
chr22	35408782	35408807	2
chr22	35408807	35408832	1.96
chr22	35408832	35408857	1
chr22	35408857	35408882	0.76
chr22	35409107	35409132	1
chr22	35409132	35409157	1.04
chr22	35409157	35409257	2
chr22	35409257	35409282	2.36
chr22	35409282	35409307	2.4
chr22	35409307	35409332	2.56
chr22	35409332	35409357	2.36
chr22	35409357	35409407	2
chr22	35409407	35409432	2.28
chr22	35409432	35409457	3
chr22	35409457	35409482	2.04
chr22	35409482	35409507	1.84
chr22	35409507	35409607	1
chr22	35409607	35409632	0.16
chr22	35409632	35409732	1
chr22	35409732	35409757	1.48
chr22	35409757	35409807	2
chr22	35409807	35409832	1.36
chr22	35409832	35409907	1
chr22	35409907	35409932	0.92
chr22	35410257	35410382	1
chr22	35410382	35410407	1.36
chr22	35410407	35410432	2
chr22	35410432	35410457	1.4
chr22	35410457	35410532	1
chr22	35410532	35410557	1.16
chr22	35410557	35410582	2
chr22	35410582	35410607	1.8
chr22	35410607	35410732	2
chr22	35410732	35410757	1.24
chr22	35410757	35410782	0.64
chr22	35410982	35411007	0.64
chr22	35411007	35411057	1
chr22	35411057	35411082	1.4
chr22	35411082	35411132	2
chr22	35411132	35411157	2.96
chr22	35411157	35411182	2.76
chr22	35411182	35411257	2
chr22	35411257	35411307	1
chr22	35411307	35411332	0.44
chr22	35411507	35411532	0.72
chr22	35411532	35411682	1
chr22	35411682	35411707	0.68
chr22	35411757	35411782	0.04
chr22	35411782	35411807	1.56
chr22	35411807	35411957	2
chr22	35411957	35411982	1.2
chr22	35412532	35412557	0.48
chr22	35412557	35412632	1
chr22	35412632	35412657	1.88
chr22	35412657	35412707	2
chr22	35412707	35412732	1.92
chr22	35412732	35412807	1
chr22	35412807	35412832	0.52
chr22	35412857	35412882	0.6
chr22	35412882	35412907	1.6
chr22	35412907	35413032	2
chr22	35413032	35413057	1.8
chr22	35413057	35413082	0.8
chr22	35413232	35413257	0.44
chr22	35413257	35413382	1
chr22	35413382	35413407	1.72
chr22	35413407	35413432	2.96
chr22	35413432	35413582	2
chr22	35413582	35413607	0.08
chr22	35413657	35413682	0.28
chr22	35413682	35413857	1
chr22	35413857	35413882	0.12
chr22	35413882	35414007	1
chr22	35414007	35414032	1.84
chr22	35414032	35414057	2
chr22	35414057	35414082	1.4
chr22	35414082	35414182	1
chr22	35414182	35414207	0.56
chr22	35414807	35414832	0.8
chr22	35414832	35414982	1
chr22	35414982	35415007	0.6
chr22	35415007	35415032	0.92
chr22	35415032	35415057	1.44
chr22	35415057	35415182	3
chr22	35415182	35415207	2.52
chr22	35415207	35415232	3
chr22	35415232	35415257	1.76
chr22	35415257	35415382	2
chr22	35415382	35415407	1.36
chr22	35415407	35415432	1
chr22	35415482	35415507	0.08
chr22	35415507	35415557	1
chr22	35415557	35415582	1.16
chr22	35415582	35415607	2.12
chr22	35415607	35415632	3
chr22	35415632	35415682	4
chr22	35415682	35415707	3.32
chr22	35415707	35415757	3
chr22	35415757	35415782	2.24
chr22	35415782	35415807	1.28
chr22	35415807	35415832	0.4
chr22	35416107	35416132	0.96
chr22	35416132	35416232	1
chr22	35416232	35416257	1.48
chr22	35416257	35416282	2
chr22	35416282	35416307	1.44
chr22	35416307	35416407	1
chr22	35416407	35416432	0.92
chr22	35416782	35416807	0.56
chr22	35416807	35416832	1.4
chr22	35416832	35416957	2
chr22	35416957	35416982	1.84
chr22	35416982	35417007	1
chr22	35417657	35417682	1.52
chr22	35417682	35417807	2
chr22	35417807	35417832	3
chr22	35417832	35417857	2.28
chr22	35417857	35417982	1
chr22	35417982	35418007	0.4
chr22	35418407	35418432	0.92
chr22	35418432	35418582	1
chr22	35418582	35418607	0.48
chr22	35418832	35418857	0.32
chr22	35418857	35419032	1
chr22	35419032	35419057	0.08
chr22	35419432	35419457	0.96
chr22	35419457	35419607	1
chr22	35419607	35419632	0.44
chr22	35419732	35419757	0.72
chr22	35419757	35419907	1
chr22	35419907	35419932	0.68
chr22	35420232	35420257	0.6
chr22	35420257	35420407	1
chr22	35420407	35420432	0.8
chr22	35420557	35420582	0.64
chr22	35420582	35420732	1
chr22	35420732	35420757	0.76
chr22	35420807	35420832	0.84
chr22	35420832	35420857	1.32
chr22	35420857	35420982	2
chr22	35420982	35421007	1.56
chr22	35421007	35421032	1
chr22	35421032	35421057	0.08
chr22	35421157	35421182	0.6
chr22	35421182	35421332	1
chr22	35421332	35421357	0.8
chr22	35421382	35421407	0.36
chr22	35421407	35421582	1
chr22	35421582	35421607	0.04
chr22	35421957	35421982	0.08
chr22	35421982	35422157	1
chr22	35422157	35422182	0.32
chr22	35422482	35422507	0.4
chr22	35422507	35422532	1.92
chr22	35422532	35422557	2
chr22	35422557	35422582	2.2
chr22	35422582	35422657	3
chr22	35422657	35422682	4.6
chr22	35422682	35422707	3.48
chr22	35422707	35422732	3.24
chr22	35422732	35422757	4
chr22	35422757	35422782	3.2
chr22	35422782	35422832	3
chr22	35422832	35422857	2.2
chr22	35422857	35422907	1
chr22	35422907	35422932	0.16
chr22	35423107	35423132	0.72
chr22	35423132	35423282	1
chr22	35423282	35423307	0.68
chr22	35423607	35423632	0.6
chr22	35423632	35423707	1
chr22	35423707	35423732	1.24
chr22	35423732	35423782	2
chr22	35423782	35423807	1.8
chr22	35423807	35423857	1
chr22	35423857	35423882	1.92
chr22	35423882	35423907	2
chr22	35423907	35423932	1.16
chr22	35423932	35424032	1
chr22	35424032	35424057	0.48
chr22	35424057	35424082	0.16
chr22	35424082	35424107	1.84
chr22	35424107	35424207	2
chr22	35424207	35424232	2.16
chr22	35424232	35424257	3
chr22	35424257	35424282	1.8
chr22	35424282	35424307	1
chr22	35424307	35424332	2.28
chr22	35424332	35424357	3
chr22	35424357	35424382	3.16
chr22	35424382	35424407	4
chr22	35424407	35424432	3.24
chr22	35424432	35424482	3
chr22	35424482	35424507	2.52
chr22	35424507	35424557	1
chr22	35424557	35424582	0.24
chr22	35424832	35424857	0.24
chr22	35424857	35424907	1
chr22	35424907	35424932	4
chr22	35424932	35424957	4.24
chr22	35424957	35424982	5.6
chr22	35424982	35425032	6
chr22	35425032	35425057	5.16
chr22	35425057	35425082	5
chr22	35425082	35425107	3.2
chr22	35425107	35425132	2
chr22	35425132	35425157	1.76
chr22	35425157	35425307	1
chr22	35425307	35425332	0.6
