track type=wiggle_0 name="K562" description="H3K27Ac Mark (Often Found Near Regulatory Elements) on K562 Cells from ENCODE"
#bedGraph section chr22:35375757-35428082
chr22	35400132	35400157	49.92
chr22	35400157	35400182	70.44
chr22	35400182	35400207	83.24
chr22	35400207	35400232	97.08
chr22	35400232	35400257	106.32
chr22	35400257	35400282	109.56
chr22	35400282	35400307	118.6
chr22	35400307	35400332	112.16
chr22	35400332	35400357	104.16
chr22	35400357	35400382	98.64
chr22	35400382	35400407	90.56
chr22	35400407	35400432	77.24
chr22	35400432	35400457	71.04
chr22	35400457	35400482	62.48
chr22	35400482	35400507	58.36
chr22	35400507	35400532	58.52
chr22	35400532	35400557	57.36
chr22	35400557	35400582	53.56
chr22	35400582	35400607	50.84
chr22	35400607	35400632	52
chr22	35400632	35400657	51.36
chr22	35400657	35400682	48.68
chr22	35400682	35400707	42.24
chr22	35400707	35400732	36.2
chr22	35400732	35400757	22.92
chr22	35400757	35400782	20.12
chr22	35400782	35400807	16.4
chr22	35400807	35400832	9.76
chr22	35400832	35400857	5.8
chr22	35400857	35400882	4.32
chr22	35400882	35400907	4
chr22	35400907	35400957	3.96
chr22	35400957	35400982	6.48
chr22	35400982	35401007	8.16
chr22	35401007	35401032	8.48
chr22	35401032	35401057	9
chr22	35401057	35401082	10.68
chr22	35401082	35401107	11.68
chr22	35401107	35401132	11.52
chr22	35401132	35401157	7.48
chr22	35401157	35401182	8.96
chr22	35401182	35401207	10.08
chr22	35401207	35401232	11.36
chr22	35401232	35401257	12.56
chr22	35401257	35401282	12.28
chr22	35401282	35401307	12.64
chr22	35401307	35401332	14.68
chr22	35401332	35401357	13.92
chr22	35401357	35401382	11.4
chr22	35401382	35401407	12.88
chr22	35401407	35401432	12.56
chr22	35401432	35401457	13.24
chr22	35401457	35401482	12.88
chr22	35401482	35401507	11.44
chr22	35401507	35401532	11.72
chr22	35401532	35401557	15.6
chr22	35401557	35401582	16.44
chr22	35401582	35401607	13.8
chr22	35401607	35401632	14.88
chr22	35401632	35401657	16.76
chr22	35401657	35401682	16.48
chr22	35401682	35401707	18
chr22	35401707	35401732	14.56
chr22	35401732	35401757	11.76
chr22	35401757	35401782	10.76
chr22	35401782	35401807	10.36
chr22	35401807	35401832	7.96
chr22	35401832	35401857	8.56
chr22	35401857	35401882	8.64
chr22	35401882	35401907	8
chr22	35401907	35401932	7.6
chr22	35401932	35401957	7.44
chr22	35401957	35401982	7.72
chr22	35401982	35402007	6.88
chr22	35402007	35402032	9.92
chr22	35402032	35402057	12.08
chr22	35402057	35402107	12
chr22	35402107	35402132	11.28
chr22	35402132	35402157	11.8
chr22	35402157	35402182	10.76
chr22	35402182	35402207	9.2
chr22	35402207	35402232	2.96
chr22	35402232	35402257	1
chr22	35402257	35402282	1.92
chr22	35402282	35402307	2
chr22	35402307	35402332	1.52
chr22	35402332	35402432	1
chr22	35402432	35402457	0.64
chr22	35402507	35402532	0.28
chr22	35402532	35402582	1
chr22	35402582	35402607	1.12
chr22	35402607	35402657	2
chr22	35402657	35402682	2.8
chr22	35402682	35402707	3.68
chr22	35402707	35402732	3.28
chr22	35402732	35402757	3.76
chr22	35402757	35402782	4.72
chr22	35402782	35402807	4.44
chr22	35402807	35402832	4
chr22	35402832	35402857	3.76
chr22	35402857	35402882	3.88
chr22	35402882	35402907	3.16
chr22	35402907	35402932	4.6
chr22	35402932	35402957	4.52
chr22	35402957	35403032	4
chr22	35403032	35403082	3.56
chr22	35403082	35403107	3.68
chr22	35403107	35403132	3.28
chr22	35403132	35403157	4.76
chr22	35403157	35403182	6.08
chr22	35403182	35403207	8
chr22	35403207	35403232	8.52
chr22	35403232	35403257	9
chr22	35403257	35403282	8.28
chr22	35403282	35403307	8.04
chr22	35403307	35403332	7.04
chr22	35403332	35403357	5.76
chr22	35403357	35403382	4.68
chr22	35403382	35403407	4
chr22	35403407	35403432	3.04
chr22	35403432	35403457	3
chr22	35403457	35403482	2.28
chr22	35403482	35403507	2.68
chr22	35403507	35403532	2.04
chr22	35403532	35403557	2.36
chr22	35403557	35403657	2
chr22	35403657	35403682	1.88
chr22	35403682	35403707	1
chr22	35403707	35403732	0.92
chr22	35403882	35403907	1.36
chr22	35403907	35403932	2.2
chr22	35403932	35403957	3
chr22	35403957	35403982	3.32
chr22	35403982	35404007	7.68
chr22	35404007	35404057	8
chr22	35404057	35404082	7.68
chr22	35404082	35404107	6.08
chr22	35404107	35404132	5.36
chr22	35404132	35404157	5
chr22	35404157	35404182	2.8
chr22	35404207	35404232	0.36
chr22	35404232	35404257	1
chr22	35404257	35404357	3
chr22	35404357	35404382	3.12
chr22	35404382	35404407	4
chr22	35404407	35404432	4.16
chr22	35404432	35404457	4.12
chr22	35404457	35404482	3.6
chr22	35404482	35404557	4
chr22	35404557	35404582	3.44
chr22	35404582	35404607	3
chr22	35404607	35404632	1.16
chr22	35404632	35404657	1.4
chr22	35404657	35404682	1
chr22	35404682	35404707	1.48
chr22	35404707	35404832	2
chr22	35404832	35404857	1.36
chr22	35404857	35404882	2
chr22	35404882	35404907	1.08
chr22	35404907	35405032	1
chr22	35405032	35405057	0.32
chr22	35405132	35405157	0.72
chr22	35405157	35405307	1
chr22	35405307	35405332	0.84
chr22	35405407	35405432	0.24
chr22	35405432	35405457	1
chr22	35405457	35405482	1.52
chr22	35405482	35405507	2
chr22	35405507	35405532	2.24
chr22	35405532	35405607	3
chr22	35405607	35405632	2.44
chr22	35405632	35405657	3
chr22	35405657	35405682	2.04
chr22	35405682	35405732	2.32
chr22	35405732	35405807	2
chr22	35405807	35405832	1.44
chr22	35405832	35405882	1
chr22	35405882	35405907	0.24
chr22	35406357	35406382	0.28
chr22	35406382	35406432	1
chr22	35406432	35406457	1.28
chr22	35406457	35406482	2
chr22	35406482	35406507	2.44
chr22	35406507	35406557	3
chr22	35406557	35406582	2.28
chr22	35406582	35406607	2
chr22	35406607	35406632	2.44
chr22	35406632	35406657	2.28
chr22	35406657	35406682	2.32
chr22	35406682	35406707	2.12
chr22	35406707	35406757	2
chr22	35406757	35406782	2.16
chr22	35406782	35406807	3
chr22	35406807	35406832	2.12
chr22	35406832	35406857	2.52
chr22	35406857	35406882	2.24
chr22	35406882	35406932	2
chr22	35406932	35406957	2.52
chr22	35406957	35406982	2.4
chr22	35406982	35407032	2
chr22	35407032	35407057	1.04
chr22	35407057	35407082	1
chr22	35407082	35407107	1.56
chr22	35407107	35407132	2
chr22	35407132	35407157	1.04
chr22	35407157	35407182	1
chr22	35407182	35407207	1.92
chr22	35407207	35407282	2
chr22	35407282	35407357	1
chr22	35407357	35407382	0.64
chr22	35407482	35407507	2.08
chr22	35407507	35407557	3
chr22	35407557	35407582	3.64
chr22	35407582	35407632	4
chr22	35407632	35407657	5.12
chr22	35407657	35407682	5.36
chr22	35407682	35407707	3.24
chr22	35407707	35407732	3
chr22	35407732	35407757	2.92
chr22	35407757	35407832	2
chr22	35408532	35408557	0.96
chr22	35408557	35408607	1
chr22	35408607	35408632	1.8
chr22	35408632	35408657	3.48
chr22	35408657	35408707	4
chr22	35408707	35408732	3.6
chr22	35408732	35408757	3
chr22	35408757	35408782	3.04
chr22	35408782	35408807	4
chr22	35408807	35408832	2.32
chr22	35408832	35408857	1.88
chr22	35408857	35408957	2
chr22	35408957	35408982	1.52
chr22	35408982	35409007	1
chr22	35409007	35409032	0.76
chr22	35409207	35409232	0.44
chr22	35409232	35409407	1
chr22	35409407	35409432	0.12
chr22	35409682	35409707	0.52
chr22	35409707	35409882	1
chr22	35409882	35409907	0.28
chr22	35409907	35410082	1
chr22	35410082	35410107	0.32
chr22	35410457	35410482	0.8
chr22	35410482	35410532	1
chr22	35410532	35410557	1.92
chr22	35410557	35410582	2.96
chr22	35410582	35410632	3
chr22	35410632	35410657	2.76
chr22	35410657	35410682	2
chr22	35410682	35410707	2.72
chr22	35410707	35410732	2.64
chr22	35410732	35410757	1.6
chr22	35410757	35410832	1
chr22	35410832	35410857	1.76
chr22	35410857	35410882	3.52
chr22	35410882	35410907	3
chr22	35410907	35410932	3.16
chr22	35410932	35410957	4
chr22	35410957	35410982	5.96
chr22	35410982	35411007	11
chr22	35411007	35411032	11.28
chr22	35411032	35411057	11.04
chr22	35411057	35411082	10
chr22	35411082	35411107	10.64
chr22	35411107	35411132	10.48
chr22	35411132	35411157	12
chr22	35411157	35411182	6.96
chr22	35411182	35411207	5.64
chr22	35411207	35411232	6.04
chr22	35411232	35411257	5
chr22	35411257	35411282	5.8
chr22	35411282	35411307	5
chr22	35411307	35411332	4.04
chr22	35411332	35411382	3
chr22	35411382	35411407	1.48
chr22	35411407	35411432	1
chr22	35411432	35411457	0.68
chr22	35411632	35411657	0.88
chr22	35411657	35411732	1
chr22	35411732	35411757	1.84
chr22	35411757	35411782	3
chr22	35411782	35411807	4.04
chr22	35411807	35411832	4.68
chr22	35411832	35411857	4
chr22	35411857	35411882	7.12
chr22	35411882	35411907	8
chr22	35411907	35411932	7.92
chr22	35411932	35411957	6.36
chr22	35411957	35411982	7.68
chr22	35411982	35412007	8.28
chr22	35412007	35412032	9.68
chr22	35412032	35412057	9.84
chr22	35412057	35412082	7.32
chr22	35412082	35412107	8.72
chr22	35412107	35412132	11.16
chr22	35412132	35412157	11.96
chr22	35412157	35412182	9
chr22	35412182	35412207	8.24
chr22	35412207	35412232	6.84
chr22	35412232	35412257	6
chr22	35412257	35412282	5.08
chr22	35412282	35412307	3.52
chr22	35412307	35412357	1
chr22	35412357	35412382	0.16
chr22	35412507	35412532	0.84
chr22	35412532	35412682	1
chr22	35412682	35412707	0.72
chr22	35412882	35412907	0.88
chr22	35412907	35413057	1
chr22	35413057	35413082	0.68
chr22	35413257	35413282	0.4
chr22	35413282	35413332	1
chr22	35413332	35413357	2.92
chr22	35413357	35413457	3
chr22	35413457	35413482	2.16
chr22	35413482	35413507	2
chr22	35413507	35413532	1.2
chr22	35413532	35413557	0.16
chr22	35413557	35413707	1
chr22	35413707	35413732	1.48
chr22	35413732	35413757	2.4
chr22	35413757	35413907	2
chr22	35413907	35413932	0.64
chr22	35414207	35414232	0.72
chr22	35414232	35414307	1
chr22	35414307	35414332	2.36
chr22	35414332	35414357	3
chr22	35414357	35414382	3.64
chr22	35414382	35414407	3.84
chr22	35414407	35414432	3.2
chr22	35414432	35414457	4
chr22	35414457	35414482	4.16
chr22	35414482	35414507	5.56
chr22	35414507	35414532	4.2
chr22	35414532	35414557	3.92
chr22	35414557	35414607	3
chr22	35414607	35414632	2.36
chr22	35414632	35414657	2
chr22	35414657	35414682	1.56
chr22	35414682	35414782	1
chr22	35414782	35414807	1.44
chr22	35414807	35414832	2
chr22	35414832	35414857	2.52
chr22	35414857	35414882	2.32
chr22	35414882	35414982	3
chr22	35414982	35415007	2.12
chr22	35415007	35415032	2
chr22	35415032	35415057	1
chr22	35415057	35415082	0.24
chr22	35415407	35415432	0.72
chr22	35415432	35415457	1.68
chr22	35415457	35415582	2
chr22	35415582	35415607	1.84
chr22	35415607	35415632	0.88
chr22	35415682	35415707	0.32
chr22	35415707	35415732	3.04
chr22	35415732	35415832	4
chr22	35415832	35415857	4.48
chr22	35415857	35415882	6.4
chr22	35415882	35415907	6.88
chr22	35415907	35416032	4
chr22	35416032	35416057	2.92
chr22	35416057	35416082	2.16
chr22	35416082	35416157	2
chr22	35416157	35416182	2.68
chr22	35416182	35416207	3
chr22	35416207	35416232	3.72
chr22	35416232	35416257	3.4
chr22	35416257	35416332	2
chr22	35416332	35416357	1.88
chr22	35416357	35416382	1
chr22	35416382	35416407	0.84
chr22	35416482	35416507	0.76
chr22	35416507	35416657	1
chr22	35416657	35416682	0.8
chr22	35416707	35416732	1.36
chr22	35416732	35416807	2
chr22	35416807	35416832	2.88
chr22	35416832	35416882	3
chr22	35416882	35416907	2.76
chr22	35416907	35416957	1
chr22	35416957	35416982	1.88
chr22	35416982	35417007	1.68
chr22	35417007	35417132	1
chr22	35417132	35417157	0.68
chr22	35417382	35417407	0.44
chr22	35417407	35417582	1
chr22	35417582	35417607	0.12
chr22	35417757	35417782	1.92
chr22	35417782	35417882	2
chr22	35417882	35417907	2.64
chr22	35417907	35417932	6
chr22	35417932	35417957	5.2
chr22	35417957	35417982	4.16
chr22	35417982	35418032	5
chr22	35418032	35418057	6.6
chr22	35418057	35418082	7
chr22	35418082	35418107	4.6
chr22	35418107	35418132	3.4
chr22	35418132	35418157	4
chr22	35418157	35418182	4.08
chr22	35418182	35418207	4
chr22	35418207	35418232	3.52
chr22	35418232	35418307	2
chr22	35418307	35418332	1.16
chr22	35418332	35418357	0.88
chr22	35418732	35418757	0.72
chr22	35418757	35418782	1.52
chr22	35418782	35418907	2
chr22	35418907	35418932	1.84
chr22	35418932	35418957	1
chr22	35418957	35418982	0.04
chr22	35419082	35419107	0.84
chr22	35419107	35419132	1.24
chr22	35419132	35419257	3
chr22	35419257	35419282	2.72
chr22	35419282	35419307	2
chr22	35419307	35419332	0.88
chr22	35419432	35419457	0.88
chr22	35419457	35419607	1
chr22	35419607	35419632	0.68
chr22	35419682	35419707	0.12
chr22	35419707	35419882	1
chr22	35419882	35419907	0.44
chr22	35419907	35419932	1
chr22	35419932	35419957	1.36
chr22	35419957	35419982	2
chr22	35419982	35420007	2.92
chr22	35420007	35420032	3
chr22	35420032	35420057	3.24
chr22	35420057	35420082	5
chr22	35420082	35420107	4.56
chr22	35420107	35420132	4
chr22	35420132	35420157	3.2
chr22	35420157	35420182	2.64
chr22	35420182	35420232	2
chr22	35420232	35420257	0.88
chr22	35420257	35420282	1.28
chr22	35420282	35420332	4
chr22	35420332	35420357	4.48
chr22	35420357	35420382	5.28
chr22	35420382	35420457	6
chr22	35420457	35420482	2.96
chr22	35420482	35420532	2
chr22	35420532	35420557	1.08
chr22	35420557	35420582	0.28
chr22	35420907	35420932	1.04
chr22	35420932	35420957	3.76
chr22	35420957	35421107	4
chr22	35421107	35421132	1.44
chr22	35421357	35421382	1.76
chr22	35421382	35421407	2.44
chr22	35421407	35421532	3
chr22	35421532	35421557	2.36
chr22	35421557	35421582	1
chr22	35421582	35421607	1.08
chr22	35421607	35421757	1
chr22	35421757	35421782	0.6
chr22	35422057	35422082	0.32
chr22	35422082	35422257	1
chr22	35422257	35422282	0.24
chr22	35422282	35422457	2
chr22	35422457	35422482	1.12
chr22	35422507	35422532	0.68
chr22	35422532	35422607	1
chr22	35422607	35422632	1.88
chr22	35422632	35422682	2
chr22	35422682	35422707	2.68
chr22	35422707	35422782	2
chr22	35422782	35422807	1.68
chr22	35422807	35422857	1
chr22	35422857	35422882	0.76
chr22	35422982	35423007	0.48
chr22	35423007	35423107	1
chr22	35423107	35423132	1.12
chr22	35423132	35423182	2
chr22	35423182	35423207	1.08
chr22	35423207	35423307	1
chr22	35423307	35423332	0.44
chr22	35423407	35423432	0.88
chr22	35423432	35423582	1
chr22	35423582	35423607	0.68
chr22	35423682	35423707	0.84
chr22	35423707	35423782	1
chr22	35423782	35423832	2
chr22	35423832	35423857	2.52
chr22	35423857	35423882	3.56
chr22	35423882	35423932	3
chr22	35423932	35423957	3.8
chr22	35423957	35423982	3.56
chr22	35423982	35424032	3
chr22	35424032	35424057	1.76
chr22	35424057	35424107	1
chr22	35424107	35424132	0.76
chr22	35424382	35424407	0.04
chr22	35424407	35424432	1.64
chr22	35424432	35424582	2
chr22	35424582	35424607	1.44
chr22	35424682	35424707	0.68
chr22	35424707	35424757	1
chr22	35424757	35424782	1.56
chr22	35424782	35424857	2
chr22	35424857	35424882	6.92
chr22	35424882	35424957	7
chr22	35424957	35424982	6.92
chr22	35424982	35425032	7
chr22	35425032	35425057	5
chr22	35425057	35425082	1.32
chr22	35425082	35425132	1
chr22	35425132	35425157	0.64
chr22	35425282	35425307	0.32
chr22	35425307	35425482	1
