track type=wiggle_0 name="H1-hESC" description="H3K4Me3 Mark (Often Found Near Promoters) on H1-hESC Cells from ENCODE"
#bedGraph section chr12:88386973-88493298
chr12	88492848	88492873	0.16
chr12	88492873	88492998	1
chr12	88492998	88493023	1.48
chr12	88493023	88493048	1.24
chr12	88493048	88493123	1
chr12	88493123	88493148	1.4
chr12	88493148	88493173	1.92
chr12	88493173	88493273	1
chr12	88493273	88493298	1.84
#bedGraph section chr12:88493298-88574473
chr12	88493298	88493323	1.16
chr12	88493323	88493423	2
chr12	88493423	88493448	1.56
chr12	88493448	88493473	1
chr12	88493473	88493498	0.88
chr12	88493498	88493523	1
chr12	88493523	88493548	1.04
chr12	88493548	88493623	2
chr12	88493623	88493648	1.88
chr12	88493648	88493673	2
chr12	88493673	88493698	2.12
chr12	88493698	88493723	2.36
chr12	88493723	88493798	2
chr12	88493798	88493823	1.32
chr12	88493823	88493848	2
chr12	88493848	88493873	1.28
chr12	88493873	88493973	1
chr12	88493973	88493998	0.36
chr12	88494748	88494773	0.48
chr12	88494773	88494898	1
chr12	88494898	88494923	1.28
chr12	88494923	88494948	1
chr12	88494948	88494973	2.76
chr12	88494973	88495073	3
chr12	88495073	88495098	2.04
chr12	88495098	88495123	1.8
chr12	88495123	88495248	1
chr12	88495248	88495273	0.64
chr12	88495448	88495473	0.24
chr12	88495473	88495623	1
chr12	88495623	88495648	0.16
chr12	88496448	88496473	0.72
chr12	88496473	88496498	1.24
chr12	88496498	88496598	2
chr12	88496598	88496623	1.68
chr12	88496623	88496648	1
chr12	88496648	88496673	0.16
chr12	88496823	88496848	0.32
chr12	88496848	88496948	1
chr12	88496948	88496973	1.72
chr12	88496973	88496998	2
chr12	88496998	88497023	1.08
chr12	88497023	88497098	1
chr12	88497098	88497123	0.68
chr12	88497598	88497623	0.72
chr12	88497623	88497648	1
chr12	88497648	88497673	1.76
chr12	88497673	88497748	2
chr12	88497748	88497773	1.68
chr12	88497773	88497798	1
chr12	88497798	88497823	0.64
chr12	88498198	88498223	0.6
chr12	88498223	88498348	1
chr12	88498348	88498373	0.8
chr12	88498773	88498923	1
chr12	88498923	88498948	0.4
chr12	88499048	88499073	0.96
chr12	88499073	88499198	2
chr12	88499198	88499223	1.84
chr12	88499548	88499573	0.68
chr12	88499573	88499698	1
chr12	88499698	88499723	1.2
chr12	88499723	88499848	1
chr12	88499848	88499873	0.92
chr12	88499873	88499898	0.28
chr12	88499898	88499998	1
chr12	88499998	88500023	1.8
chr12	88500023	88500048	2
chr12	88500048	88500073	1.12
chr12	88500073	88500148	1
chr12	88500148	88500173	1.2
chr12	88500173	88500298	1
chr12	88500298	88500323	0.8
chr12	88500473	88500498	0.12
chr12	88500498	88500548	1
chr12	88500548	88500573	1.68
chr12	88500573	88500648	2
chr12	88500648	88500673	1.28
chr12	88500673	88500698	1
chr12	88500698	88500723	0.72
chr12	88500898	88500923	0.64
chr12	88500923	88501048	1
chr12	88501048	88501073	0.76
chr12	88501223	88501248	0.88
chr12	88501248	88501373	1
chr12	88501373	88501398	0.52
chr12	88501448	88501473	0.56
chr12	88501473	88501598	1
chr12	88501598	88501623	0.84
chr12	88501748	88501773	0.64
chr12	88501773	88501898	1
chr12	88501898	88501923	0.76
chr12	88502398	88502423	0.36
chr12	88502423	88502473	1
chr12	88502473	88502498	1.64
chr12	88502498	88502573	2
chr12	88502573	88502598	1.04
chr12	88502598	88502623	1
chr12	88502623	88502648	1.48
chr12	88502648	88502773	1
chr12	88502773	88502798	0.68
chr12	88502948	88502973	1.08
chr12	88502973	88502998	3.44
chr12	88502998	88503023	4.68
chr12	88503023	88503073	5
chr12	88503073	88503098	5.28
chr12	88503098	88503123	5.64
chr12	88503123	88503148	3.44
chr12	88503148	88503173	1.72
chr12	88503173	88503223	1
chr12	88503223	88503248	1.44
chr12	88503248	88503273	1.12
chr12	88503273	88503298	1.32
chr12	88503298	88503348	2
chr12	88503348	88503373	2.8
chr12	88503373	88503398	2.96
chr12	88503398	88503448	2
chr12	88503448	88503473	1.08
chr12	88503473	88503498	1.68
chr12	88503498	88503523	1.6
chr12	88503523	88503598	1
chr12	88503598	88503623	1.88
chr12	88503623	88503648	1.72
chr12	88503648	88503673	1
chr12	88503673	88503698	1.52
chr12	88503698	88503748	2
chr12	88503748	88503773	1.52
chr12	88503773	88503823	1
chr12	88503823	88503848	1.12
chr12	88503848	88503998	1
chr12	88503998	88504023	0.16
chr12	88504648	88504673	0.68
chr12	88504673	88504798	1
chr12	88504798	88504823	0.72
chr12	88505223	88505248	0.96
chr12	88505248	88505373	2
chr12	88505373	88505398	1.84
chr12	88506123	88506148	0.2
chr12	88506148	88506223	1
chr12	88506223	88506248	1.16
chr12	88506248	88506298	2
chr12	88506298	88506323	1.2
chr12	88506323	88506398	1
chr12	88506398	88506423	0.24
chr12	88506498	88506523	0.52
chr12	88506523	88506648	1
chr12	88506648	88506673	0.88
chr12	88506798	88506823	0.64
chr12	88506823	88506948	1
chr12	88506948	88506973	0.76
chr12	88507448	88507473	0.16
chr12	88507473	88507548	1
chr12	88507548	88507573	1.72
chr12	88507573	88507623	2
chr12	88507623	88507648	1.84
chr12	88507648	88507698	2
chr12	88507698	88507723	1.68
chr12	88507723	88507748	1.08
chr12	88507748	88507773	2
chr12	88507773	88507798	1.8
chr12	88507798	88507898	1
chr12	88507898	88507923	0.32
chr12	88508098	88508123	0.88
chr12	88508123	88508248	1
chr12	88508248	88508273	0.52
chr12	88508523	88508548	0.96
chr12	88508548	88508623	1
chr12	88508623	88508648	1.56
chr12	88508648	88508673	2
chr12	88508673	88508698	1.44
chr12	88508698	88508748	1
chr12	88508748	88508773	1.16
chr12	88508773	88508798	1.84
chr12	88508798	88508923	1
chr12	88508923	88508948	0.24
chr12	88509023	88509173	1
chr12	88509173	88509198	0.4
chr12	88509248	88509273	0.36
chr12	88509273	88509423	1
chr12	88509423	88509448	0.04
chr12	88509448	88509473	1.52
chr12	88509473	88509523	2
chr12	88509523	88509548	2.2
chr12	88509548	88509573	3
chr12	88509573	88509598	3.48
chr12	88509598	88509623	3.28
chr12	88509623	88509698	2
chr12	88509698	88509723	1.2
chr12	88509723	88509748	0.92
chr12	88509923	88509948	0.48
chr12	88509948	88510073	1
chr12	88510073	88510098	0.92
chr12	88510473	88510498	0.44
chr12	88510498	88510623	1
chr12	88510623	88510648	0.96
chr12	88510823	88510848	1.04
chr12	88510848	88510923	2
chr12	88510923	88510948	2.96
chr12	88510948	88510973	3
chr12	88510973	88510998	2.56
chr12	88510998	88511023	1.2
chr12	88511023	88511073	1
chr12	88511073	88511098	0.44
chr12	88511248	88511273	1.6
chr12	88511273	88511298	2
chr12	88511298	88511323	3
chr12	88511323	88511348	3.64
chr12	88511348	88511398	4
chr12	88511398	88511423	3.2
chr12	88511423	88511448	2
chr12	88511448	88511473	1.4
chr12	88511473	88511498	0.76
chr12	88511523	88511548	0.48
chr12	88511548	88511673	1
chr12	88511673	88511698	0.92
chr12	88511848	88511873	0.76
chr12	88511873	88511998	1
chr12	88511998	88512023	0.64
chr12	88512048	88512073	0.76
chr12	88512073	88512148	1
chr12	88512148	88512173	1.44
chr12	88512173	88512198	2
chr12	88512198	88512223	1.64
chr12	88512223	88512248	1
chr12	88512248	88512273	1.4
chr12	88512273	88512298	2
chr12	88512298	88512323	1.96
chr12	88512323	88512398	1
chr12	88512398	88512423	1.08
chr12	88512423	88512573	1
chr12	88512573	88512598	0.32
chr12	88512623	88512648	0.72
chr12	88512648	88512773	1
chr12	88512773	88512798	0.68
chr12	88512923	88512948	0.32
chr12	88512948	88513098	1
chr12	88513098	88513123	0.08
chr12	88513323	88513348	0.32
chr12	88513348	88513423	1
chr12	88513423	88513448	1.32
chr12	88513448	88513498	2
chr12	88513498	88513523	1.08
chr12	88513523	88513598	1
chr12	88513598	88513623	0.08
chr12	88513698	88513723	0.76
chr12	88513723	88513848	1
chr12	88513848	88513873	0.64
chr12	88514023	88514048	0.64
chr12	88514048	88514173	1
chr12	88514173	88514198	0.76
chr12	88514198	88514223	0.04
chr12	88514223	88514373	1
chr12	88514373	88514398	0.36
chr12	88514398	88514423	1.6
chr12	88514423	88514548	2
chr12	88514548	88514573	1.2
chr12	88514673	88514698	0.52
chr12	88514698	88514823	1
chr12	88514823	88514848	0.88
chr12	88514873	88514898	0.48
chr12	88514898	88514923	1.56
chr12	88514923	88514948	2.2
chr12	88514948	88515023	3
chr12	88515023	88515048	2.92
chr12	88515048	88515073	1.84
chr12	88515073	88515098	1
chr12	88515098	88515123	0.2
chr12	88515298	88515323	0.72
chr12	88515323	88515373	1
chr12	88515373	88515398	1.68
chr12	88515398	88515423	2
chr12	88515423	88515448	3.84
chr12	88515448	88515473	3.68
chr12	88515473	88515523	3
chr12	88515523	88515548	2.72
chr12	88515548	88515573	2
chr12	88515573	88515598	0.96
chr12	88515723	88515748	0.36
chr12	88515748	88515898	1
chr12	88515898	88515923	0.04
chr12	88516498	88516523	0.32
chr12	88516523	88516673	1
chr12	88516673	88516698	0.08
chr12	88516848	88516873	0.44
chr12	88516873	88516998	1
chr12	88516998	88517023	0.96
chr12	88517348	88517373	0.92
chr12	88517373	88517498	1
chr12	88517498	88517523	0.48
chr12	88517748	88517773	0.36
chr12	88517773	88517823	1
chr12	88517823	88517848	1.64
chr12	88517848	88517923	2
chr12	88517923	88517948	1.04
chr12	88517948	88517973	1.52
chr12	88517973	88517998	1.76
chr12	88517998	88518098	1
chr12	88518098	88518123	1.08
chr12	88518123	88518148	1
chr12	88518148	88518173	1.28
chr12	88518173	88518198	2.16
chr12	88518198	88518273	3
chr12	88518273	88518298	2.2
chr12	88518298	88518323	2
chr12	88518323	88518348	1.6
chr12	88518348	88518373	1.24
chr12	88518373	88518398	2
chr12	88518398	88518423	2.6
chr12	88518423	88518473	3
chr12	88518473	88518498	2.92
chr12	88518498	88518523	2
chr12	88518523	88518548	1.4
chr12	88518548	88518573	0.8
chr12	88518873	88518898	0.44
chr12	88518898	88518923	2.64
chr12	88518923	88518948	4
chr12	88518948	88518973	4.36
chr12	88518973	88519048	5
chr12	88519048	88519073	3.28
chr12	88519073	88519098	1.28
chr12	88519098	88519123	2.6
chr12	88519123	88519148	2.04
chr12	88519148	88519198	2
chr12	88519198	88519223	2.44
chr12	88519223	88519248	3.56
chr12	88519248	88519273	3.16
chr12	88519273	88519323	2
chr12	88519323	88519348	2.76
chr12	88519348	88519373	2.96
chr12	88519373	88519398	1.84
chr12	88519398	88519473	1
chr12	88519473	88519498	0.64
chr12	88519498	88519523	1.16
chr12	88519523	88519648	2
chr12	88519648	88519673	1.52
chr12	88519673	88519698	0.12
chr12	88519773	88519798	0.08
chr12	88519798	88519948	1
chr12	88519948	88519973	0.32
chr12	88520048	88520073	0.2
chr12	88520073	88520223	1
chr12	88520223	88520248	0.2
chr12	88520248	88520273	0.16
chr12	88520273	88520323	1
chr12	88520323	88520348	1.84
chr12	88520348	88520423	2
chr12	88520423	88520448	1.24
chr12	88520448	88520473	1
chr12	88520473	88520498	0.56
chr12	88521673	88521698	0.52
chr12	88521698	88521748	1
chr12	88521748	88521773	1.92
chr12	88521773	88521823	2
chr12	88521823	88521848	1.88
chr12	88521848	88521898	1
chr12	88521898	88521923	0.48
chr12	88522173	88522198	0.76
chr12	88522198	88522248	1
chr12	88522248	88522273	1.04
chr12	88522273	88522323	2
chr12	88522323	88522348	1.64
chr12	88522348	88522423	1
chr12	88522423	88522448	0.36
chr12	88522698	88522723	0.08
chr12	88522723	88522873	1
chr12	88522873	88522898	0.32
chr12	88523023	88523048	0.88
chr12	88523048	88523173	1
chr12	88523173	88523198	0.52
chr12	88523523	88523548	0.28
chr12	88523548	88523698	1
chr12	88523698	88523723	0.12
chr12	88523873	88523898	0.92
chr12	88523898	88523923	1
chr12	88523923	88523948	1.76
chr12	88523948	88524023	2
chr12	88524023	88524048	1.64
chr12	88524048	88524073	2
chr12	88524073	88524098	1.68
chr12	88524098	88524198	2
chr12	88524198	88524223	1.24
chr12	88524223	88524248	1
chr12	88524248	88524273	0.36
chr12	88524523	88524548	0.52
chr12	88524548	88524673	1
chr12	88524673	88524698	0.88
chr12	88525773	88525798	0.12
chr12	88525798	88525948	1
chr12	88525948	88525973	0.28
chr12	88526048	88526073	0.16
chr12	88526073	88526123	1
chr12	88526123	88526148	1.56
chr12	88526148	88526223	2
chr12	88526223	88526248	1.24
chr12	88526248	88526273	1
chr12	88526273	88526298	0.84
chr12	88526423	88526448	0.68
chr12	88526448	88526573	1
chr12	88526573	88526598	0.72
chr12	88526673	88526698	0.6
chr12	88526698	88526823	1
chr12	88526823	88526848	0.8
chr12	88527273	88527298	0.84
chr12	88527298	88527323	1.04
chr12	88527323	88527423	2
chr12	88527423	88527448	1.56
chr12	88527448	88527473	1.72
chr12	88527473	88527498	1.36
chr12	88527498	88527598	1
chr12	88527598	88527623	0.92
chr12	88527623	88527773	1
chr12	88527773	88527798	0.16
chr12	88527848	88527873	0.12
chr12	88527873	88527898	1.4
chr12	88527898	88527923	2.4
chr12	88527923	88528023	3
chr12	88528023	88528048	2.28
chr12	88528048	88528073	1
chr12	88528248	88528273	0.12
chr12	88528273	88528423	1
chr12	88528423	88528448	0.28
chr12	88528598	88528623	0.96
chr12	88528623	88528748	1
chr12	88528748	88528773	0.44
chr12	88529398	88529423	0.64
chr12	88529423	88529523	1
chr12	88529523	88529548	1.44
chr12	88529548	88529573	1.76
chr12	88529573	88529673	1
chr12	88529673	88529698	0.96
chr12	88529748	88529773	0.4
chr12	88529773	88529898	1
chr12	88529898	88529923	1.88
chr12	88529923	88529948	1
chr12	88529948	88530048	2
chr12	88530048	88530073	1.68
chr12	88530073	88530098	2
chr12	88530098	88530123	1.4
chr12	88530123	88530148	1.32
chr12	88530148	88530223	2
chr12	88530223	88530248	1.24
chr12	88530248	88530273	1.8
chr12	88530273	88530298	2
chr12	88530298	88530323	1.08
chr12	88530323	88530398	1
chr12	88530398	88530423	0.6
chr12	88531198	88531223	1.76
chr12	88531223	88531298	2
chr12	88531298	88531323	2.52
chr12	88531323	88531348	3
chr12	88531348	88531373	2.04
chr12	88531373	88531448	1
chr12	88531448	88531473	0.88
chr12	88531748	88531773	0.64
chr12	88531773	88531898	1
chr12	88531898	88531923	1.04
chr12	88531923	88532073	1
chr12	88532073	88532098	0.12
chr12	88532198	88532223	0.64
chr12	88532223	88532248	1
chr12	88532248	88532273	1.32
chr12	88532273	88532298	2.92
chr12	88532298	88532348	4
chr12	88532348	88532373	3.76
chr12	88532373	88532423	3
chr12	88532423	88532448	1.72
chr12	88532448	88532473	0.24
chr12	88532573	88532598	0.36
chr12	88532598	88532648	1
chr12	88532648	88532673	1.84
chr12	88532673	88532698	2.28
chr12	88532698	88532748	3
chr12	88532748	88532773	3.04
chr12	88532773	88532798	3
chr12	88532798	88532823	2.56
chr12	88532823	88532848	2
chr12	88532848	88532873	1.12
chr12	88532873	88532898	1
chr12	88532898	88532923	0.4
chr12	88532998	88533098	1
chr12	88533098	88533123	2
chr12	88533123	88533148	3
chr12	88533148	88533173	2.4
chr12	88533173	88533223	2
chr12	88533223	88533248	2.04
chr12	88533248	88533273	2.8
chr12	88533273	88533398	1
chr12	88533398	88533423	0.36
chr12	88533423	88533448	0.88
chr12	88533448	88533473	1
chr12	88533473	88533498	1.56
chr12	88533498	88533573	2
chr12	88533573	88533598	1.52
chr12	88533598	88533623	1
chr12	88533623	88533648	0.84
chr12	88533873	88533898	0.16
chr12	88533898	88533923	1
chr12	88533923	88533948	1.08
chr12	88533948	88534048	2
chr12	88534048	88534073	1.24
chr12	88534073	88534098	1
chr12	88534098	88534123	0.32
chr12	88534673	88534698	0.64
chr12	88534698	88534773	1
chr12	88534773	88534798	1.12
chr12	88534798	88534823	2
chr12	88534823	88534848	1.76
chr12	88534848	88534898	1
chr12	88534898	88534923	1.32
chr12	88534923	88534948	2
chr12	88534948	88534973	1.28
chr12	88534973	88535073	1
chr12	88535073	88535098	0.08
chr12	88535348	88535373	0.6
chr12	88535373	88535498	1
chr12	88535498	88535523	0.8
chr12	88535923	88535948	0.32
chr12	88535948	88536098	1
chr12	88536098	88536123	0.08
chr12	88536173	88536198	0.08
chr12	88536198	88536348	1
chr12	88536348	88536373	0.32
chr12	88537023	88537048	0.36
chr12	88537048	88537198	1
chr12	88537198	88537223	0.04
chr12	88537348	88537373	0.24
chr12	88537373	88537423	1
chr12	88537423	88537448	1.32
chr12	88537448	88537523	2
chr12	88537523	88537548	1.16
chr12	88537548	88537598	1
chr12	88537598	88537623	0.08
chr12	88537773	88537798	0.12
chr12	88537798	88537898	1
chr12	88537898	88537923	1.52
chr12	88537923	88537948	2
chr12	88537948	88537973	1.28
chr12	88537973	88538048	1
chr12	88538048	88538073	0.88
chr12	88538873	88538898	0.88
chr12	88538898	88538923	1
chr12	88538923	88538948	1.72
chr12	88538948	88539023	3
chr12	88539023	88539048	3.36
chr12	88539048	88539098	3
chr12	88539098	88539123	1.08
chr12	88539123	88539148	1.4
chr12	88539148	88539173	2
chr12	88539173	88539198	1.56
chr12	88539198	88539223	1
chr12	88539223	88539248	1.84
chr12	88539248	88539298	2
chr12	88539298	88539373	1
chr12	88539373	88539398	0.56
chr12	88540098	88540123	0.24
chr12	88540123	88540273	1
chr12	88540273	88540298	0.84
chr12	88540298	88540423	1
chr12	88540423	88540448	0.72
chr12	88540773	88540798	0.88
chr12	88540798	88540923	1
chr12	88540923	88540948	0.52
chr12	88541198	88541223	0.12
chr12	88541223	88541373	1
chr12	88541373	88541398	0.28
chr12	88541398	88541423	0.08
chr12	88541423	88541473	1
chr12	88541473	88541498	2.88
chr12	88541498	88541573	3
chr12	88541573	88541598	2.32
chr12	88541598	88541623	2
chr12	88541623	88541648	0.92
chr12	88542373	88542398	0.88
chr12	88542398	88542523	1
chr12	88542523	88542548	1.12
chr12	88542548	88542623	1
chr12	88542623	88542648	1.28
chr12	88542648	88542673	2
chr12	88542673	88542698	2.04
chr12	88542698	88542723	2
chr12	88542723	88542748	2.64
chr12	88542748	88542773	3.84
chr12	88542773	88542798	4
chr12	88542798	88542823	3.12
chr12	88542823	88542848	3
chr12	88542848	88542873	2.16
chr12	88542873	88542898	1.76
chr12	88542898	88542923	0.56
chr12	88542973	88543123	1
chr12	88543123	88543148	0.4
chr12	88543923	88543948	0.4
chr12	88543948	88543973	1.84
chr12	88543973	88544073	2
chr12	88544073	88544098	2.44
chr12	88544098	88544123	1.56
chr12	88544123	88544148	1
chr12	88544148	88544173	1.32
chr12	88544173	88544223	3
chr12	88544223	88544248	2.96
chr12	88544248	88544323	2
chr12	88544323	88544348	0.48
chr12	88544498	88544523	0.4
chr12	88544523	88544598	1
chr12	88544598	88544623	2.8
chr12	88544623	88544673	3
chr12	88544673	88544748	2
chr12	88544748	88544773	1
chr12	88545173	88545198	0.12
chr12	88545198	88545348	1
chr12	88545348	88545373	0.28
chr12	88545423	88545448	0.4
chr12	88545448	88545523	1
chr12	88545523	88545548	1.44
chr12	88545548	88545598	2
chr12	88545598	88545673	1
chr12	88545673	88545698	0.96
chr12	88545698	88545723	0.16
chr12	88545723	88545873	1
chr12	88545873	88545898	0.24
chr12	88546023	88546048	0.08
chr12	88546048	88546198	1
chr12	88546198	88546223	0.32
chr12	88546223	88546248	0.16
chr12	88546248	88546273	1
chr12	88546273	88546298	1.96
chr12	88546298	88546323	2.72
chr12	88546323	88546398	3
chr12	88546398	88546423	2.88
chr12	88546423	88546448	2.44
chr12	88546448	88546473	1.68
chr12	88546473	88546548	1
chr12	88546548	88546573	0.76
chr12	88546723	88546748	0.36
chr12	88546748	88546898	2
chr12	88546898	88546923	0.44
chr12	88547848	88547873	0.32
chr12	88547873	88547923	1
chr12	88547923	88547948	1.28
chr12	88547948	88547973	2
chr12	88547973	88547998	2.76
chr12	88547998	88548023	3
chr12	88548023	88548048	2.08
chr12	88548048	88548098	2
chr12	88548098	88548123	1.12
chr12	88548123	88548148	0.64
chr12	88549048	88549073	0.88
chr12	88549073	88549148	2
chr12	88549148	88549173	2.12
chr12	88549173	88549198	3
chr12	88549198	88549223	2.84
chr12	88549223	88549248	2.04
chr12	88549248	88549323	2
chr12	88549323	88549348	1.28
chr12	88549348	88549373	1
chr12	88549373	88549398	0.44
chr12	88549423	88549448	1.04
chr12	88549448	88549573	2
chr12	88549573	88549598	1.76
chr12	88549623	88549648	0.96
chr12	88549648	88549773	1
chr12	88549773	88549798	0.52
chr12	88549798	88549823	1
chr12	88549823	88549848	1.56
chr12	88549848	88549873	2
chr12	88549873	88549898	2.92
chr12	88549898	88549948	3
chr12	88549948	88549973	2.32
chr12	88549973	88549998	1.84
chr12	88549998	88550023	1
chr12	88550023	88550048	0.48
chr12	88550098	88550123	0.96
chr12	88550123	88550248	2
chr12	88550248	88550273	1.84
chr12	88550673	88550698	0.12
chr12	88550698	88550848	1
chr12	88550848	88550873	0.28
chr12	88551298	88551323	0.76
chr12	88551323	88551448	1
chr12	88551448	88551473	0.64
chr12	88552723	88552748	0.56
chr12	88552748	88552773	1
chr12	88552773	88552798	1.24
chr12	88552798	88552873	2
chr12	88552873	88552898	1.84
chr12	88552898	88552948	1
chr12	88552948	88552973	0.16
chr12	88552973	88552998	0.84
chr12	88552998	88553123	1
chr12	88553123	88553148	0.56
chr12	88553198	88553223	0.92
chr12	88553223	88553323	1
chr12	88553323	88553348	1.28
chr12	88553348	88553373	1.48
chr12	88553373	88553398	1.2
chr12	88553398	88553498	2
chr12	88553498	88553523	1.12
chr12	88553523	88553548	1
chr12	88553548	88553573	0.2
chr12	88553798	88553823	0.8
chr12	88553823	88553923	1
chr12	88553923	88553948	2.68
chr12	88553948	88553973	3.6
chr12	88553973	88554073	3
chr12	88554073	88554098	2.52
chr12	88554098	88554123	0.12
chr12	88554123	88554273	1
chr12	88554273	88554298	0.28
chr12	88554298	88554323	0.36
chr12	88554323	88554373	2
chr12	88554373	88554398	2.04
chr12	88554398	88554423	3.88
chr12	88554423	88554473	4
chr12	88554473	88554498	3.04
chr12	88554498	88554548	3
chr12	88554548	88554573	1.88
chr12	88554573	88554623	1
chr12	88554623	88554648	0.8
chr12	88554698	88554723	0.56
chr12	88554723	88554848	1
chr12	88554848	88554873	1.32
chr12	88554873	88554998	1
chr12	88554998	88555023	0.92
chr12	88555098	88555123	0.64
chr12	88555123	88555173	1
chr12	88555173	88555198	1.36
chr12	88555198	88555248	2
chr12	88555248	88555273	1.76
chr12	88555273	88555348	1
chr12	88555348	88555373	0.04
chr12	88555573	88555598	0.4
chr12	88555598	88555698	1
chr12	88555698	88555723	1.76
chr12	88555723	88555748	2
chr12	88555748	88555773	1.48
chr12	88555773	88555848	2
chr12	88555848	88555873	1.64
chr12	88555873	88555898	1
chr12	88555898	88555923	0.92
chr12	88556098	88556123	0.88
chr12	88556123	88556198	1
chr12	88556198	88556223	1.76
chr12	88556223	88556248	2
chr12	88556248	88556273	1.52
chr12	88556273	88556298	1.28
chr12	88556298	88556348	3
chr12	88556348	88556373	2.64
chr12	88556373	88556448	2
chr12	88556448	88556473	1.28
chr12	88556473	88556598	1
chr12	88556598	88556623	0.64
chr12	88556648	88556673	0.92
chr12	88556673	88556798	1
chr12	88556798	88556823	0.48
chr12	88556848	88556873	0.08
chr12	88556873	88556923	1
chr12	88556923	88556948	2.52
chr12	88556948	88556973	3.64
chr12	88556973	88556998	4
chr12	88556998	88557023	4.76
chr12	88557023	88557048	4.32
chr12	88557048	88557073	4
chr12	88557073	88557098	3.28
chr12	88557098	88557123	1.76
chr12	88557123	88557148	1
chr12	88557148	88557173	0.64
chr12	88557173	88557198	1
chr12	88557198	88557223	1.96
chr12	88557223	88557273	2
chr12	88557273	88557298	2.24
chr12	88557298	88557323	3
chr12	88557323	88557348	2.4
chr12	88557348	88557373	1.44
chr12	88557373	88557448	1
chr12	88557448	88557473	0.16
chr12	88558898	88558923	0.68
chr12	88558923	88558948	1
chr12	88558948	88558973	1.44
chr12	88558973	88559048	2
chr12	88559048	88559073	1.72
chr12	88559073	88559098	1
chr12	88559098	88559123	0.96
chr12	88559148	88559173	0.6
chr12	88559173	88559198	1
chr12	88559198	88559223	1.96
chr12	88559223	88559298	2
chr12	88559298	88559323	1.8
chr12	88559323	88559348	1
chr12	88559348	88559373	1.36
chr12	88559373	88559423	1
chr12	88559423	88559448	1.8
chr12	88559448	88559498	2
chr12	88559498	88559523	1.48
chr12	88559523	88559573	1
chr12	88559573	88559598	0.6
chr12	88559698	88559723	0.08
chr12	88559723	88559773	2
chr12	88559773	88559798	2.96
chr12	88559798	88559848	3
chr12	88559848	88559873	3.72
chr12	88559873	88559898	2.72
chr12	88559898	88559923	2
chr12	88559923	88559948	1.44
chr12	88559948	88559973	1
chr12	88559973	88559998	1.32
chr12	88559998	88560023	1.68
chr12	88560023	88560148	1
chr12	88560148	88560173	0.08
chr12	88560198	88560223	0.8
chr12	88560223	88560348	1
chr12	88560348	88560373	0.6
chr12	88561323	88561348	0.32
chr12	88561348	88561498	1
chr12	88561498	88561523	0.08
chr12	88561648	88561673	0.64
chr12	88561673	88561698	1
chr12	88561698	88561723	1.48
chr12	88561723	88561798	2
chr12	88561798	88561823	1.76
chr12	88561823	88561848	1.6
chr12	88561848	88561873	1.92
chr12	88561873	88561973	1
chr12	88561973	88561998	0.8
chr12	88562148	88562173	0.32
chr12	88562173	88562273	1
chr12	88562273	88562298	1.96
chr12	88562298	88562323	2
chr12	88562323	88562348	1.08
chr12	88562348	88562373	1.32
chr12	88562373	88562423	2
chr12	88562423	88562448	1.44
chr12	88562448	88562523	1
chr12	88562523	88562548	0.08
chr12	88562698	88562848	1
chr12	88562848	88562873	0.92
chr12	88562873	88562898	2.88
chr12	88562898	88562923	3
chr12	88562923	88562948	3.6
chr12	88562948	88562998	4
chr12	88562998	88563023	3.96
chr12	88563023	88563048	1.84
chr12	88563048	88563073	1
chr12	88563073	88563098	0.8
chr12	88563123	88563148	0.16
chr12	88563148	88563173	1.72
chr12	88563173	88563298	3
chr12	88563298	88563323	2.04
chr12	88563323	88563348	0.56
chr12	88563348	88563373	1.88
chr12	88563373	88563448	2
chr12	88563448	88563473	2.12
chr12	88563473	88563498	3
chr12	88563498	88563523	2.68
chr12	88563523	88563623	4
chr12	88563623	88563648	3.28
chr12	88563648	88563673	2.8
chr12	88563673	88563698	0.36
chr12	88563973	88563998	0.88
chr12	88563998	88564123	1
chr12	88564123	88564148	0.52
chr12	88564173	88564198	0.8
chr12	88564198	88564223	1
chr12	88564223	88564248	1.6
chr12	88564248	88564298	2
chr12	88564298	88564323	2.92
chr12	88564323	88564348	2.6
chr12	88564348	88564373	2
chr12	88564373	88564398	1.8
chr12	88564398	88564448	1
chr12	88564448	88564473	0.48
chr12	88564648	88564673	0.76
chr12	88564673	88564698	1
chr12	88564698	88564723	1.64
chr12	88564723	88564798	2
chr12	88564798	88564823	1.64
chr12	88564823	88564848	1.88
chr12	88564848	88564873	2.08
chr12	88564873	88564973	2
chr12	88564973	88564998	1.52
chr12	88564998	88565023	1
chr12	88565023	88565048	0.08
chr12	88565123	88565148	0.6
chr12	88565148	88565198	1
chr12	88565198	88565223	1.48
chr12	88565223	88565273	2
chr12	88565273	88565298	1.8
chr12	88565298	88565323	1
chr12	88565323	88565348	2.28
chr12	88565348	88565373	2.92
chr12	88565373	88565473	2
chr12	88565473	88565498	1.52
chr12	88565573	88565598	0.8
chr12	88565598	88565623	1
chr12	88565623	88565648	2.92
chr12	88565648	88565723	3
chr12	88565723	88565748	2.6
chr12	88565748	88565773	2
chr12	88565773	88565798	0.88
chr12	88565898	88565923	0.32
chr12	88565923	88566073	1
chr12	88566073	88566098	0.08
chr12	88566198	88566223	0.56
chr12	88566223	88566323	2
chr12	88566323	88566348	2.24
chr12	88566348	88566373	3.48
chr12	88566373	88566398	2.4
chr12	88566398	88566498	2
chr12	88566498	88566523	0.96
chr12	88566523	88566598	1
chr12	88566598	88566623	1.84
chr12	88566623	88566673	3
chr12	88566673	88566698	2.36
chr12	88566698	88566748	2
chr12	88566748	88566773	2.04
chr12	88566773	88566798	1.2
chr12	88566798	88566823	1.68
chr12	88566823	88566873	2
chr12	88566873	88566898	2.28
chr12	88566898	88566923	3
chr12	88566923	88566948	2.12
chr12	88566948	88566973	1.72
chr12	88566973	88567048	1
chr12	88567048	88567073	0.12
chr12	88567648	88567673	0.2
chr12	88567673	88567823	1
chr12	88567823	88567848	0.2
chr12	88567973	88567998	0.84
chr12	88567998	88568123	1
chr12	88568123	88568148	0.56
chr12	88568498	88568523	0.08
chr12	88568523	88568673	1
chr12	88568673	88568698	0.32
chr12	88568948	88568973	1.64
chr12	88568973	88568998	3.92
chr12	88568998	88569023	4
chr12	88569023	88569048	4.88
chr12	88569048	88569098	5
chr12	88569098	88569123	4.36
chr12	88569123	88569148	1.68
chr12	88569148	88569173	1
chr12	88569173	88569198	0.52
chr12	88569373	88569398	0.24
chr12	88569398	88569548	1
chr12	88569548	88569573	0.16
chr12	88569623	88569648	0.24
chr12	88569648	88569698	1
chr12	88569698	88569723	1.24
chr12	88569723	88569798	2
chr12	88569798	88569823	1.16
chr12	88569823	88569873	1
chr12	88569873	88569898	0.16
chr12	88569948	88569973	2.12
chr12	88569973	88570048	3
chr12	88570048	88570073	3.12
chr12	88570073	88570098	4
chr12	88570098	88570123	3.08
chr12	88570123	88570223	1
chr12	88570223	88570248	0.28
chr12	88570248	88570273	0.24
chr12	88570273	88570423	1
chr12	88570423	88570448	0.16
chr12	88570448	88570473	0.88
chr12	88570473	88570598	1
chr12	88570598	88570623	0.52
chr12	88570873	88570898	0.32
chr12	88570898	88571048	1
chr12	88571048	88571073	0.08
chr12	88571398	88571423	0.84
chr12	88571423	88571448	1.96
chr12	88571448	88571548	2
chr12	88571548	88571573	1.56
chr12	88571573	88571598	0.44
chr12	88571598	88571623	0.72
chr12	88571623	88571648	1
chr12	88571648	88571673	1.48
chr12	88571673	88571748	2
chr12	88571748	88571773	1.68
chr12	88571773	88571798	1
chr12	88571798	88571823	0.92
chr12	88572048	88572073	0.52
chr12	88572073	88572198	1
chr12	88572198	88572223	0.88
chr12	88572623	88572648	0.32
chr12	88572648	88572798	2
chr12	88572798	88572823	0.68
chr12	88572823	88572923	1
chr12	88572923	88572948	1.96
chr12	88572948	88572973	2
chr12	88572973	88572998	1.2
chr12	88572998	88573023	1
chr12	88573023	88573048	1.64
chr12	88573048	88573073	2
chr12	88573073	88573098	1.44
chr12	88573098	88573123	1
chr12	88573123	88573148	1.88
chr12	88573148	88573198	2.76
chr12	88573198	88573223	2
chr12	88573223	88573248	2.2
chr12	88573248	88573273	3
chr12	88573273	88573298	2.52
chr12	88573298	88573323	1.64
chr12	88573323	88573398	1
chr12	88573398	88573423	0.2
chr12	88573423	88573448	1.12
chr12	88573448	88573473	2.2
chr12	88573473	88573573	3
chr12	88573573	88573598	2.68
chr12	88573598	88573623	1
chr12	88573623	88573648	0.2
chr12	88573648	88573673	0.12
chr12	88573673	88573823	1
chr12	88573823	88573848	0.28
chr12	88573898	88573923	0.76
chr12	88573923	88574023	1
chr12	88574023	88574048	1.44
chr12	88574048	88574073	1.64
chr12	88574073	88574173	1
chr12	88574173	88574198	1.4
chr12	88574198	88574273	1
chr12	88574273	88574298	1.88
chr12	88574298	88574323	2.76
chr12	88574323	88574348	2.96
chr12	88574348	88574423	2
chr12	88574423	88574448	1.52
chr12	88574448	88574473	0.64
#bedGraph section chr12:88574473-88659273
chr12	88574473	88574498	0.6
chr12	88574498	88574623	1
chr12	88574623	88574648	0.8
chr12	88574823	88574848	0.8
chr12	88574848	88574998	3
chr12	88574998	88575023	0.4
chr12	88575223	88575248	0.04
chr12	88575248	88575398	1
chr12	88575398	88575423	0.36
chr12	88575573	88575598	1.24
chr12	88575598	88575723	3
chr12	88575723	88575748	2.76
chr12	88575748	88575773	0.88
chr12	88575773	88575798	1
chr12	88575798	88575823	1.04
chr12	88575823	88575898	2
chr12	88575898	88575923	2.24
chr12	88575923	88575948	2
chr12	88575948	88575973	2.96
chr12	88575973	88575998	2.36
chr12	88575998	88576048	2
chr12	88576048	88576073	1.88
chr12	88576073	88576098	1
chr12	88576098	88576123	0.44
chr12	88576198	88576223	0.92
chr12	88576223	88576348	1
chr12	88576348	88576373	0.48
chr12	88576423	88576448	0.48
chr12	88576448	88576548	1
chr12	88576548	88576573	1.24
chr12	88576573	88576598	1.92
chr12	88576598	88576723	1
chr12	88576723	88576748	0.16
chr12	88576848	88576873	0.8
chr12	88576873	88576923	1
chr12	88576923	88576948	1.24
chr12	88576948	88576973	2.44
chr12	88576973	88576998	3.96
chr12	88576998	88577023	3.6
chr12	88577023	88577098	3
chr12	88577098	88577123	2.12
chr12	88577123	88577148	0.44
chr12	88577298	88577323	0.16
chr12	88577323	88577473	1
chr12	88577473	88577498	0.24
chr12	88577523	88577548	0.84
chr12	88577548	88577648	2
chr12	88577648	88577673	2.2
chr12	88577673	88577698	2.76
chr12	88577698	88577723	1.2
chr12	88577723	88577798	1
chr12	88577798	88577823	1.96
chr12	88577823	88577848	1.68
chr12	88577848	88577898	2
chr12	88577898	88577923	2.8
chr12	88577923	88577948	3.84
chr12	88577948	88577973	3.44
chr12	88577973	88577998	2.92
chr12	88577998	88578048	2
chr12	88578048	88578073	1.6
chr12	88578073	88578098	0.56
chr12	88578123	88578148	0.32
chr12	88578148	88578173	1
chr12	88578173	88578198	1.48
chr12	88578198	88578248	3
chr12	88578248	88578273	3.72
chr12	88578273	88578298	4
chr12	88578298	88578323	3.08
chr12	88578323	88578348	4.16
chr12	88578348	88578373	4.4
chr12	88578373	88578398	4
chr12	88578398	88578423	4.4
chr12	88578423	88578448	4.28
chr12	88578448	88578473	5
chr12	88578473	88578498	5.12
chr12	88578498	88578523	3.76
chr12	88578523	88578548	5.68
chr12	88578548	88578573	7.24
chr12	88578573	88578598	7.6
chr12	88578598	88578623	8.48
chr12	88578623	88578673	8.8
chr12	88578673	88578698	9.28
chr12	88578698	88578723	7.4
chr12	88578723	88578748	7.76
chr12	88578748	88578773	9.08
chr12	88578773	88578798	9.4
chr12	88578798	88578823	13.2
chr12	88578823	88578848	12.04
chr12	88578848	88578873	15.32
chr12	88578873	88578898	16.76
chr12	88578898	88578923	16.12
chr12	88578923	88578948	17.44
chr12	88578948	88578973	17.8
chr12	88578973	88578998	18.28
chr12	88578998	88579023	16.96
chr12	88579023	88579048	16.52
chr12	88579048	88579073	18.44
chr12	88579073	88579098	19.2
chr12	88579098	88579123	18.48
chr12	88579123	88579148	17.68
chr12	88579148	88579173	19.48
chr12	88579173	88579198	19.68
chr12	88579198	88579223	20.4
chr12	88579223	88579248	21.36
chr12	88579248	88579273	21.8
chr12	88579273	88579298	23.24
chr12	88579298	88579323	22.48
chr12	88579323	88579348	22.4
chr12	88579348	88579373	22.6
chr12	88579373	88579398	20.8
chr12	88579398	88579423	22.64
chr12	88579423	88579448	21.64
chr12	88579448	88579473	20.6
chr12	88579473	88579498	21.4
chr12	88579498	88579523	20.04
chr12	88579523	88579548	19.52
chr12	88579548	88579573	18.4
chr12	88579573	88579598	21.68
chr12	88579598	88579623	24.52
chr12	88579623	88579648	25.48
chr12	88579648	88579673	29.52
chr12	88579673	88579698	35.28
chr12	88579698	88579723	36.48
chr12	88579723	88579748	40.24
chr12	88579748	88579773	37.96
chr12	88579773	88579798	38.4
chr12	88579798	88579823	38.92
chr12	88579823	88579848	34.24
chr12	88579848	88579873	33.36
chr12	88579873	88579898	32.36
chr12	88579898	88579923	30.96
chr12	88579923	88579948	37.4
chr12	88579948	88579973	37.44
chr12	88579973	88579998	38
chr12	88579998	88580023	37.6
chr12	88580023	88580048	43.36
chr12	88580048	88580073	44.8
chr12	88580073	88580098	43.84
chr12	88580098	88580123	43.96
chr12	88580123	88580148	46.92
chr12	88580148	88580173	47.36
chr12	88580173	88580198	42.64
chr12	88580198	88580223	37.6
chr12	88580223	88580248	35.6
chr12	88580248	88580273	36.6
chr12	88580273	88580298	36.2
chr12	88580298	88580323	41.12
chr12	88580323	88580348	46.2
chr12	88580348	88580373	44.4
chr12	88580373	88580398	42
chr12	88580398	88580423	38.64
chr12	88580423	88580448	30.68
chr12	88580448	88580473	23.16
#bedGraph section chr12:88386973-88493298
chr12	88492848	88492873	0.16
chr12	88492873	88492998	1
chr12	88492998	88493023	1.48
chr12	88493023	88493048	1.24
chr12	88493048	88493123	1
chr12	88493123	88493148	1.4
chr12	88493148	88493173	1.92
chr12	88493173	88493273	1
chr12	88493273	88493298	1.84
#bedGraph section chr12:88493298-88574473
chr12	88493298	88493323	1.16
chr12	88493323	88493423	2
chr12	88493423	88493448	1.56
chr12	88493448	88493473	1
chr12	88493473	88493498	0.88
chr12	88493498	88493523	1
chr12	88493523	88493548	1.04
chr12	88493548	88493623	2
chr12	88493623	88493648	1.88
chr12	88493648	88493673	2
chr12	88493673	88493698	2.12
chr12	88493698	88493723	2.36
chr12	88493723	88493798	2
chr12	88493798	88493823	1.32
chr12	88493823	88493848	2
chr12	88493848	88493873	1.28
chr12	88493873	88493973	1
chr12	88493973	88493998	0.36
chr12	88494748	88494773	0.48
chr12	88494773	88494898	1
chr12	88494898	88494923	1.28
chr12	88494923	88494948	1
chr12	88494948	88494973	2.76
chr12	88494973	88495073	3
chr12	88495073	88495098	2.04
chr12	88495098	88495123	1.8
chr12	88495123	88495248	1
chr12	88495248	88495273	0.64
chr12	88495448	88495473	0.24
chr12	88495473	88495623	1
chr12	88495623	88495648	0.16
chr12	88496448	88496473	0.72
chr12	88496473	88496498	1.24
chr12	88496498	88496598	2
chr12	88496598	88496623	1.68
chr12	88496623	88496648	1
chr12	88496648	88496673	0.16
chr12	88496823	88496848	0.32
chr12	88496848	88496948	1
chr12	88496948	88496973	1.72
chr12	88496973	88496998	2
chr12	88496998	88497023	1.08
chr12	88497023	88497098	1
chr12	88497098	88497123	0.68
chr12	88497598	88497623	0.72
chr12	88497623	88497648	1
chr12	88497648	88497673	1.76
chr12	88497673	88497748	2
chr12	88497748	88497773	1.68
chr12	88497773	88497798	1
chr12	88497798	88497823	0.64
chr12	88498198	88498223	0.6
chr12	88498223	88498348	1
chr12	88498348	88498373	0.8
chr12	88498773	88498923	1
chr12	88498923	88498948	0.4
chr12	88499048	88499073	0.96
chr12	88499073	88499198	2
chr12	88499198	88499223	1.84
chr12	88499548	88499573	0.68
chr12	88499573	88499698	1
chr12	88499698	88499723	1.2
chr12	88499723	88499848	1
chr12	88499848	88499873	0.92
chr12	88499873	88499898	0.28
chr12	88499898	88499998	1
chr12	88499998	88500023	1.8
chr12	88500023	88500048	2
chr12	88500048	88500073	1.12
chr12	88500073	88500148	1
chr12	88500148	88500173	1.2
chr12	88500173	88500298	1
chr12	88500298	88500323	0.8
chr12	88500473	88500498	0.12
chr12	88500498	88500548	1
chr12	88500548	88500573	1.68
chr12	88500573	88500648	2
chr12	88500648	88500673	1.28
chr12	88500673	88500698	1
chr12	88500698	88500723	0.72
chr12	88500898	88500923	0.64
chr12	88500923	88501048	1
chr12	88501048	88501073	0.76
chr12	88501223	88501248	0.88
chr12	88501248	88501373	1
chr12	88501373	88501398	0.52
chr12	88501448	88501473	0.56
chr12	88501473	88501598	1
chr12	88501598	88501623	0.84
chr12	88501748	88501773	0.64
chr12	88501773	88501898	1
chr12	88501898	88501923	0.76
chr12	88502398	88502423	0.36
chr12	88502423	88502473	1
chr12	88502473	88502498	1.64
chr12	88502498	88502573	2
chr12	88502573	88502598	1.04
chr12	88502598	88502623	1
chr12	88502623	88502648	1.48
chr12	88502648	88502773	1
chr12	88502773	88502798	0.68
chr12	88502948	88502973	1.08
chr12	88502973	88502998	3.44
chr12	88502998	88503023	4.68
chr12	88503023	88503073	5
chr12	88503073	88503098	5.28
chr12	88503098	88503123	5.64
chr12	88503123	88503148	3.44
chr12	88503148	88503173	1.72
chr12	88503173	88503223	1
chr12	88503223	88503248	1.44
chr12	88503248	88503273	1.12
chr12	88503273	88503298	1.32
chr12	88503298	88503348	2
chr12	88503348	88503373	2.8
chr12	88503373	88503398	2.96
chr12	88503398	88503448	2
chr12	88503448	88503473	1.08
chr12	88503473	88503498	1.68
chr12	88503498	88503523	1.6
chr12	88503523	88503598	1
chr12	88503598	88503623	1.88
chr12	88503623	88503648	1.72
chr12	88503648	88503673	1
chr12	88503673	88503698	1.52
chr12	88503698	88503748	2
chr12	88503748	88503773	1.52
chr12	88503773	88503823	1
chr12	88503823	88503848	1.12
chr12	88503848	88503998	1
chr12	88503998	88504023	0.16
chr12	88504648	88504673	0.68
chr12	88504673	88504798	1
chr12	88504798	88504823	0.72
chr12	88505223	88505248	0.96
chr12	88505248	88505373	2
chr12	88505373	88505398	1.84
chr12	88506123	88506148	0.2
chr12	88506148	88506223	1
chr12	88506223	88506248	1.16
chr12	88506248	88506298	2
chr12	88506298	88506323	1.2
chr12	88506323	88506398	1
chr12	88506398	88506423	0.24
chr12	88506498	88506523	0.52
chr12	88506523	88506648	1
chr12	88506648	88506673	0.88
chr12	88506798	88506823	0.64
chr12	88506823	88506948	1
chr12	88506948	88506973	0.76
chr12	88507448	88507473	0.16
chr12	88507473	88507548	1
chr12	88507548	88507573	1.72
chr12	88507573	88507623	2
chr12	88507623	88507648	1.84
chr12	88507648	88507698	2
chr12	88507698	88507723	1.68
chr12	88507723	88507748	1.08
chr12	88507748	88507773	2
chr12	88507773	88507798	1.8
chr12	88507798	88507898	1
chr12	88507898	88507923	0.32
chr12	88508098	88508123	0.88
chr12	88508123	88508248	1
chr12	88508248	88508273	0.52
chr12	88508523	88508548	0.96
chr12	88508548	88508623	1
chr12	88508623	88508648	1.56
chr12	88508648	88508673	2
chr12	88508673	88508698	1.44
chr12	88508698	88508748	1
chr12	88508748	88508773	1.16
chr12	88508773	88508798	1.84
chr12	88508798	88508923	1
chr12	88508923	88508948	0.24
chr12	88509023	88509173	1
chr12	88509173	88509198	0.4
chr12	88509248	88509273	0.36
chr12	88509273	88509423	1
chr12	88509423	88509448	0.04
chr12	88509448	88509473	1.52
chr12	88509473	88509523	2
chr12	88509523	88509548	2.2
chr12	88509548	88509573	3
chr12	88509573	88509598	3.48
chr12	88509598	88509623	3.28
chr12	88509623	88509698	2
chr12	88509698	88509723	1.2
chr12	88509723	88509748	0.92
chr12	88509923	88509948	0.48
chr12	88509948	88510073	1
chr12	88510073	88510098	0.92
chr12	88510473	88510498	0.44
chr12	88510498	88510623	1
chr12	88510623	88510648	0.96
chr12	88510823	88510848	1.04
chr12	88510848	88510923	2
chr12	88510923	88510948	2.96
chr12	88510948	88510973	3
chr12	88510973	88510998	2.56
chr12	88510998	88511023	1.2
chr12	88511023	88511073	1
chr12	88511073	88511098	0.44
chr12	88511248	88511273	1.6
chr12	88511273	88511298	2
chr12	88511298	88511323	3
chr12	88511323	88511348	3.64
chr12	88511348	88511398	4
chr12	88511398	88511423	3.2
chr12	88511423	88511448	2
chr12	88511448	88511473	1.4
chr12	88511473	88511498	0.76
chr12	88511523	88511548	0.48
chr12	88511548	88511673	1
chr12	88511673	88511698	0.92
chr12	88511848	88511873	0.76
chr12	88511873	88511998	1
chr12	88511998	88512023	0.64
chr12	88512048	88512073	0.76
chr12	88512073	88512148	1
chr12	88512148	88512173	1.44
chr12	88512173	88512198	2
chr12	88512198	88512223	1.64
chr12	88512223	88512248	1
chr12	88512248	88512273	1.4
chr12	88512273	88512298	2
chr12	88512298	88512323	1.96
chr12	88512323	88512398	1
chr12	88512398	88512423	1.08
chr12	88512423	88512573	1
chr12	88512573	88512598	0.32
chr12	88512623	88512648	0.72
chr12	88512648	88512773	1
chr12	88512773	88512798	0.68
chr12	88512923	88512948	0.32
chr12	88512948	88513098	1
chr12	88513098	88513123	0.08
chr12	88513323	88513348	0.32
chr12	88513348	88513423	1
chr12	88513423	88513448	1.32
chr12	88513448	88513498	2
chr12	88513498	88513523	1.08
chr12	88513523	88513598	1
chr12	88513598	88513623	0.08
chr12	88513698	88513723	0.76
chr12	88513723	88513848	1
chr12	88513848	88513873	0.64
chr12	88514023	88514048	0.64
chr12	88514048	88514173	1
chr12	88514173	88514198	0.76
chr12	88514198	88514223	0.04
chr12	88514223	88514373	1
chr12	88514373	88514398	0.36
chr12	88514398	88514423	1.6
chr12	88514423	88514548	2
chr12	88514548	88514573	1.2
chr12	88514673	88514698	0.52
chr12	88514698	88514823	1
chr12	88514823	88514848	0.88
chr12	88514873	88514898	0.48
chr12	88514898	88514923	1.56
chr12	88514923	88514948	2.2
chr12	88514948	88515023	3
chr12	88515023	88515048	2.92
chr12	88515048	88515073	1.84
chr12	88515073	88515098	1
chr12	88515098	88515123	0.2
chr12	88515298	88515323	0.72
chr12	88515323	88515373	1
chr12	88515373	88515398	1.68
chr12	88515398	88515423	2
chr12	88515423	88515448	3.84
chr12	88515448	88515473	3.68
chr12	88515473	88515523	3
chr12	88515523	88515548	2.72
chr12	88515548	88515573	2
chr12	88515573	88515598	0.96
chr12	88515723	88515748	0.36
chr12	88515748	88515898	1
chr12	88515898	88515923	0.04
chr12	88516498	88516523	0.32
chr12	88516523	88516673	1
chr12	88516673	88516698	0.08
chr12	88516848	88516873	0.44
chr12	88516873	88516998	1
chr12	88516998	88517023	0.96
chr12	88517348	88517373	0.92
chr12	88517373	88517498	1
chr12	88517498	88517523	0.48
chr12	88517748	88517773	0.36
chr12	88517773	88517823	1
chr12	88517823	88517848	1.64
chr12	88517848	88517923	2
chr12	88517923	88517948	1.04
chr12	88517948	88517973	1.52
chr12	88517973	88517998	1.76
chr12	88517998	88518098	1
chr12	88518098	88518123	1.08
chr12	88518123	88518148	1
chr12	88518148	88518173	1.28
chr12	88518173	88518198	2.16
chr12	88518198	88518273	3
chr12	88518273	88518298	2.2
chr12	88518298	88518323	2
chr12	88518323	88518348	1.6
chr12	88518348	88518373	1.24
chr12	88518373	88518398	2
chr12	88518398	88518423	2.6
chr12	88518423	88518473	3
chr12	88518473	88518498	2.92
chr12	88518498	88518523	2
chr12	88518523	88518548	1.4
chr12	88518548	88518573	0.8
chr12	88518873	88518898	0.44
chr12	88518898	88518923	2.64
chr12	88518923	88518948	4
chr12	88518948	88518973	4.36
chr12	88518973	88519048	5
chr12	88519048	88519073	3.28
chr12	88519073	88519098	1.28
chr12	88519098	88519123	2.6
chr12	88519123	88519148	2.04
chr12	88519148	88519198	2
chr12	88519198	88519223	2.44
chr12	88519223	88519248	3.56
chr12	88519248	88519273	3.16
chr12	88519273	88519323	2
chr12	88519323	88519348	2.76
chr12	88519348	88519373	2.96
chr12	88519373	88519398	1.84
chr12	88519398	88519473	1
chr12	88519473	88519498	0.64
chr12	88519498	88519523	1.16
chr12	88519523	88519648	2
chr12	88519648	88519673	1.52
chr12	88519673	88519698	0.12
chr12	88519773	88519798	0.08
chr12	88519798	88519948	1
chr12	88519948	88519973	0.32
chr12	88520048	88520073	0.2
chr12	88520073	88520223	1
chr12	88520223	88520248	0.2
chr12	88520248	88520273	0.16
chr12	88520273	88520323	1
chr12	88520323	88520348	1.84
chr12	88520348	88520423	2
chr12	88520423	88520448	1.24
chr12	88520448	88520473	1
chr12	88520473	88520498	0.56
chr12	88521673	88521698	0.52
chr12	88521698	88521748	1
chr12	88521748	88521773	1.92
chr12	88521773	88521823	2
chr12	88521823	88521848	1.88
chr12	88521848	88521898	1
chr12	88521898	88521923	0.48
chr12	88522173	88522198	0.76
chr12	88522198	88522248	1
chr12	88522248	88522273	1.04
chr12	88522273	88522323	2
chr12	88522323	88522348	1.64
chr12	88522348	88522423	1
chr12	88522423	88522448	0.36
chr12	88522698	88522723	0.08
chr12	88522723	88522873	1
chr12	88522873	88522898	0.32
chr12	88523023	88523048	0.88
chr12	88523048	88523173	1
chr12	88523173	88523198	0.52
chr12	88523523	88523548	0.28
chr12	88523548	88523698	1
chr12	88523698	88523723	0.12
chr12	88523873	88523898	0.92
chr12	88523898	88523923	1
chr12	88523923	88523948	1.76
chr12	88523948	88524023	2
chr12	88524023	88524048	1.64
chr12	88524048	88524073	2
chr12	88524073	88524098	1.68
chr12	88524098	88524198	2
chr12	88524198	88524223	1.24
chr12	88524223	88524248	1
chr12	88524248	88524273	0.36
chr12	88524523	88524548	0.52
chr12	88524548	88524673	1
chr12	88524673	88524698	0.88
chr12	88525773	88525798	0.12
chr12	88525798	88525948	1
chr12	88525948	88525973	0.28
chr12	88526048	88526073	0.16
chr12	88526073	88526123	1
chr12	88526123	88526148	1.56
chr12	88526148	88526223	2
chr12	88526223	88526248	1.24
chr12	88526248	88526273	1
chr12	88526273	88526298	0.84
chr12	88526423	88526448	0.68
chr12	88526448	88526573	1
chr12	88526573	88526598	0.72
chr12	88526673	88526698	0.6
chr12	88526698	88526823	1
chr12	88526823	88526848	0.8
chr12	88527273	88527298	0.84
chr12	88527298	88527323	1.04
chr12	88527323	88527423	2
chr12	88527423	88527448	1.56
chr12	88527448	88527473	1.72
chr12	88527473	88527498	1.36
chr12	88527498	88527598	1
chr12	88527598	88527623	0.92
chr12	88527623	88527773	1
chr12	88527773	88527798	0.16
chr12	88527848	88527873	0.12
chr12	88527873	88527898	1.4
chr12	88527898	88527923	2.4
chr12	88527923	88528023	3
chr12	88528023	88528048	2.28
chr12	88528048	88528073	1
chr12	88528248	88528273	0.12
chr12	88528273	88528423	1
chr12	88528423	88528448	0.28
chr12	88528598	88528623	0.96
chr12	88528623	88528748	1
chr12	88528748	88528773	0.44
chr12	88529398	88529423	0.64
chr12	88529423	88529523	1
chr12	88529523	88529548	1.44
chr12	88529548	88529573	1.76
chr12	88529573	88529673	1
chr12	88529673	88529698	0.96
chr12	88529748	88529773	0.4
chr12	88529773	88529898	1
chr12	88529898	88529923	1.88
chr12	88529923	88529948	1
chr12	88529948	88530048	2
chr12	88530048	88530073	1.68
chr12	88530073	88530098	2
chr12	88530098	88530123	1.4
chr12	88530123	88530148	1.32
chr12	88530148	88530223	2
chr12	88530223	88530248	1.24
chr12	88530248	88530273	1.8
chr12	88530273	88530298	2
chr12	88530298	88530323	1.08
chr12	88530323	88530398	1
chr12	88530398	88530423	0.6
chr12	88531198	88531223	1.76
chr12	88531223	88531298	2
chr12	88531298	88531323	2.52
chr12	88531323	88531348	3
chr12	88531348	88531373	2.04
chr12	88531373	88531448	1
chr12	88531448	88531473	0.88
chr12	88531748	88531773	0.64
chr12	88531773	88531898	1
chr12	88531898	88531923	1.04
chr12	88531923	88532073	1
chr12	88532073	88532098	0.12
chr12	88532198	88532223	0.64
chr12	88532223	88532248	1
chr12	88532248	88532273	1.32
chr12	88532273	88532298	2.92
chr12	88532298	88532348	4
chr12	88532348	88532373	3.76
chr12	88532373	88532423	3
chr12	88532423	88532448	1.72
chr12	88532448	88532473	0.24
chr12	88532573	88532598	0.36
chr12	88532598	88532648	1
chr12	88532648	88532673	1.84
chr12	88532673	88532698	2.28
chr12	88532698	88532748	3
chr12	88532748	88532773	3.04
chr12	88532773	88532798	3
chr12	88532798	88532823	2.56
chr12	88532823	88532848	2
chr12	88532848	88532873	1.12
chr12	88532873	88532898	1
chr12	88532898	88532923	0.4
chr12	88532998	88533098	1
chr12	88533098	88533123	2
chr12	88533123	88533148	3
chr12	88533148	88533173	2.4
chr12	88533173	88533223	2
chr12	88533223	88533248	2.04
chr12	88533248	88533273	2.8
chr12	88533273	88533398	1
chr12	88533398	88533423	0.36
chr12	88533423	88533448	0.88
chr12	88533448	88533473	1
chr12	88533473	88533498	1.56
chr12	88533498	88533573	2
chr12	88533573	88533598	1.52
chr12	88533598	88533623	1
chr12	88533623	88533648	0.84
chr12	88533873	88533898	0.16
chr12	88533898	88533923	1
chr12	88533923	88533948	1.08
chr12	88533948	88534048	2
chr12	88534048	88534073	1.24
chr12	88534073	88534098	1
chr12	88534098	88534123	0.32
chr12	88534673	88534698	0.64
chr12	88534698	88534773	1
chr12	88534773	88534798	1.12
chr12	88534798	88534823	2
chr12	88534823	88534848	1.76
chr12	88534848	88534898	1
chr12	88534898	88534923	1.32
chr12	88534923	88534948	2
chr12	88534948	88534973	1.28
chr12	88534973	88535073	1
chr12	88535073	88535098	0.08
chr12	88535348	88535373	0.6
chr12	88535373	88535498	1
chr12	88535498	88535523	0.8
chr12	88535923	88535948	0.32
chr12	88535948	88536098	1
chr12	88536098	88536123	0.08
chr12	88536173	88536198	0.08
chr12	88536198	88536348	1
chr12	88536348	88536373	0.32
chr12	88537023	88537048	0.36
chr12	88537048	88537198	1
chr12	88537198	88537223	0.04
chr12	88537348	88537373	0.24
chr12	88537373	88537423	1
chr12	88537423	88537448	1.32
chr12	88537448	88537523	2
chr12	88537523	88537548	1.16
chr12	88537548	88537598	1
chr12	88537598	88537623	0.08
chr12	88537773	88537798	0.12
chr12	88537798	88537898	1
chr12	88537898	88537923	1.52
chr12	88537923	88537948	2
chr12	88537948	88537973	1.28
chr12	88537973	88538048	1
chr12	88538048	88538073	0.88
chr12	88538873	88538898	0.88
chr12	88538898	88538923	1
chr12	88538923	88538948	1.72
chr12	88538948	88539023	3
chr12	88539023	88539048	3.36
chr12	88539048	88539098	3
chr12	88539098	88539123	1.08
chr12	88539123	88539148	1.4
chr12	88539148	88539173	2
chr12	88539173	88539198	1.56
chr12	88539198	88539223	1
chr12	88539223	88539248	1.84
chr12	88539248	88539298	2
chr12	88539298	88539373	1
chr12	88539373	88539398	0.56
chr12	88540098	88540123	0.24
chr12	88540123	88540273	1
chr12	88540273	88540298	0.84
chr12	88540298	88540423	1
chr12	88540423	88540448	0.72
chr12	88540773	88540798	0.88
chr12	88540798	88540923	1
chr12	88540923	88540948	0.52
chr12	88541198	88541223	0.12
chr12	88541223	88541373	1
chr12	88541373	88541398	0.28
chr12	88541398	88541423	0.08
chr12	88541423	88541473	1
chr12	88541473	88541498	2.88
chr12	88541498	88541573	3
chr12	88541573	88541598	2.32
chr12	88541598	88541623	2
chr12	88541623	88541648	0.92
chr12	88542373	88542398	0.88
chr12	88542398	88542523	1
chr12	88542523	88542548	1.12
chr12	88542548	88542623	1
chr12	88542623	88542648	1.28
chr12	88542648	88542673	2
chr12	88542673	88542698	2.04
chr12	88542698	88542723	2
chr12	88542723	88542748	2.64
chr12	88542748	88542773	3.84
chr12	88542773	88542798	4
chr12	88542798	88542823	3.12
chr12	88542823	88542848	3
chr12	88542848	88542873	2.16
chr12	88542873	88542898	1.76
chr12	88542898	88542923	0.56
chr12	88542973	88543123	1
chr12	88543123	88543148	0.4
chr12	88543923	88543948	0.4
chr12	88543948	88543973	1.84
chr12	88543973	88544073	2
chr12	88544073	88544098	2.44
chr12	88544098	88544123	1.56
chr12	88544123	88544148	1
chr12	88544148	88544173	1.32
chr12	88544173	88544223	3
chr12	88544223	88544248	2.96
chr12	88544248	88544323	2
chr12	88544323	88544348	0.48
chr12	88544498	88544523	0.4
chr12	88544523	88544598	1
chr12	88544598	88544623	2.8
chr12	88544623	88544673	3
chr12	88544673	88544748	2
chr12	88544748	88544773	1
chr12	88545173	88545198	0.12
chr12	88545198	88545348	1
chr12	88545348	88545373	0.28
chr12	88545423	88545448	0.4
chr12	88545448	88545523	1
chr12	88545523	88545548	1.44
chr12	88545548	88545598	2
chr12	88545598	88545673	1
chr12	88545673	88545698	0.96
chr12	88545698	88545723	0.16
chr12	88545723	88545873	1
chr12	88545873	88545898	0.24
chr12	88546023	88546048	0.08
chr12	88546048	88546198	1
chr12	88546198	88546223	0.32
chr12	88546223	88546248	0.16
chr12	88546248	88546273	1
chr12	88546273	88546298	1.96
chr12	88546298	88546323	2.72
chr12	88546323	88546398	3
chr12	88546398	88546423	2.88
chr12	88546423	88546448	2.44
chr12	88546448	88546473	1.68
chr12	88546473	88546548	1
chr12	88546548	88546573	0.76
chr12	88546723	88546748	0.36
chr12	88546748	88546898	2
chr12	88546898	88546923	0.44
chr12	88547848	88547873	0.32
chr12	88547873	88547923	1
chr12	88547923	88547948	1.28
chr12	88547948	88547973	2
chr12	88547973	88547998	2.76
chr12	88547998	88548023	3
chr12	88548023	88548048	2.08
chr12	88548048	88548098	2
chr12	88548098	88548123	1.12
chr12	88548123	88548148	0.64
chr12	88549048	88549073	0.88
chr12	88549073	88549148	2
chr12	88549148	88549173	2.12
chr12	88549173	88549198	3
chr12	88549198	88549223	2.84
chr12	88549223	88549248	2.04
chr12	88549248	88549323	2
chr12	88549323	88549348	1.28
chr12	88549348	88549373	1
chr12	88549373	88549398	0.44
chr12	88549423	88549448	1.04
chr12	88549448	88549573	2
chr12	88549573	88549598	1.76
chr12	88549623	88549648	0.96
chr12	88549648	88549773	1
chr12	88549773	88549798	0.52
chr12	88549798	88549823	1
chr12	88549823	88549848	1.56
chr12	88549848	88549873	2
chr12	88549873	88549898	2.92
chr12	88549898	88549948	3
chr12	88549948	88549973	2.32
chr12	88549973	88549998	1.84
chr12	88549998	88550023	1
chr12	88550023	88550048	0.48
chr12	88550098	88550123	0.96
chr12	88550123	88550248	2
chr12	88550248	88550273	1.84
chr12	88550673	88550698	0.12
chr12	88550698	88550848	1
chr12	88550848	88550873	0.28
chr12	88551298	88551323	0.76
chr12	88551323	88551448	1
chr12	88551448	88551473	0.64
chr12	88552723	88552748	0.56
chr12	88552748	88552773	1
chr12	88552773	88552798	1.24
chr12	88552798	88552873	2
chr12	88552873	88552898	1.84
chr12	88552898	88552948	1
chr12	88552948	88552973	0.16
chr12	88552973	88552998	0.84
chr12	88552998	88553123	1
chr12	88553123	88553148	0.56
chr12	88553198	88553223	0.92
chr12	88553223	88553323	1
chr12	88553323	88553348	1.28
chr12	88553348	88553373	1.48
chr12	88553373	88553398	1.2
chr12	88553398	88553498	2
chr12	88553498	88553523	1.12
chr12	88553523	88553548	1
chr12	88553548	88553573	0.2
chr12	88553798	88553823	0.8
chr12	88553823	88553923	1
chr12	88553923	88553948	2.68
chr12	88553948	88553973	3.6
chr12	88553973	88554073	3
chr12	88554073	88554098	2.52
chr12	88554098	88554123	0.12
chr12	88554123	88554273	1
chr12	88554273	88554298	0.28
chr12	88554298	88554323	0.36
chr12	88554323	88554373	2
chr12	88554373	88554398	2.04
chr12	88554398	88554423	3.88
chr12	88554423	88554473	4
chr12	88554473	88554498	3.04
chr12	88554498	88554548	3
chr12	88554548	88554573	1.88
chr12	88554573	88554623	1
chr12	88554623	88554648	0.8
chr12	88554698	88554723	0.56
chr12	88554723	88554848	1
chr12	88554848	88554873	1.32
chr12	88554873	88554998	1
chr12	88554998	88555023	0.92
chr12	88555098	88555123	0.64
chr12	88555123	88555173	1
chr12	88555173	88555198	1.36
chr12	88555198	88555248	2
chr12	88555248	88555273	1.76
chr12	88555273	88555348	1
chr12	88555348	88555373	0.04
chr12	88555573	88555598	0.4
chr12	88555598	88555698	1
chr12	88555698	88555723	1.76
chr12	88555723	88555748	2
chr12	88555748	88555773	1.48
chr12	88555773	88555848	2
chr12	88555848	88555873	1.64
chr12	88555873	88555898	1
chr12	88555898	88555923	0.92
chr12	88556098	88556123	0.88
chr12	88556123	88556198	1
chr12	88556198	88556223	1.76
chr12	88556223	88556248	2
chr12	88556248	88556273	1.52
chr12	88556273	88556298	1.28
chr12	88556298	88556348	3
chr12	88556348	88556373	2.64
chr12	88556373	88556448	2
chr12	88556448	88556473	1.28
chr12	88556473	88556598	1
chr12	88556598	88556623	0.64
chr12	88556648	88556673	0.92
chr12	88556673	88556798	1
chr12	88556798	88556823	0.48
chr12	88556848	88556873	0.08
chr12	88556873	88556923	1
chr12	88556923	88556948	2.52
chr12	88556948	88556973	3.64
chr12	88556973	88556998	4
chr12	88556998	88557023	4.76
chr12	88557023	88557048	4.32
chr12	88557048	88557073	4
chr12	88557073	88557098	3.28
chr12	88557098	88557123	1.76
chr12	88557123	88557148	1
chr12	88557148	88557173	0.64
chr12	88557173	88557198	1
chr12	88557198	88557223	1.96
chr12	88557223	88557273	2
chr12	88557273	88557298	2.24
chr12	88557298	88557323	3
chr12	88557323	88557348	2.4
chr12	88557348	88557373	1.44
chr12	88557373	88557448	1
chr12	88557448	88557473	0.16
chr12	88558898	88558923	0.68
chr12	88558923	88558948	1
chr12	88558948	88558973	1.44
chr12	88558973	88559048	2
chr12	88559048	88559073	1.72
chr12	88559073	88559098	1
chr12	88559098	88559123	0.96
chr12	88559148	88559173	0.6
chr12	88559173	88559198	1
chr12	88559198	88559223	1.96
chr12	88559223	88559298	2
chr12	88559298	88559323	1.8
chr12	88559323	88559348	1
chr12	88559348	88559373	1.36
chr12	88559373	88559423	1
chr12	88559423	88559448	1.8
chr12	88559448	88559498	2
chr12	88559498	88559523	1.48
chr12	88559523	88559573	1
chr12	88559573	88559598	0.6
chr12	88559698	88559723	0.08
chr12	88559723	88559773	2
chr12	88559773	88559798	2.96
chr12	88559798	88559848	3
chr12	88559848	88559873	3.72
chr12	88559873	88559898	2.72
chr12	88559898	88559923	2
chr12	88559923	88559948	1.44
chr12	88559948	88559973	1
chr12	88559973	88559998	1.32
chr12	88559998	88560023	1.68
chr12	88560023	88560148	1
chr12	88560148	88560173	0.08
chr12	88560198	88560223	0.8
chr12	88560223	88560348	1
chr12	88560348	88560373	0.6
chr12	88561323	88561348	0.32
chr12	88561348	88561498	1
chr12	88561498	88561523	0.08
chr12	88561648	88561673	0.64
chr12	88561673	88561698	1
chr12	88561698	88561723	1.48
chr12	88561723	88561798	2
chr12	88561798	88561823	1.76
chr12	88561823	88561848	1.6
chr12	88561848	88561873	1.92
chr12	88561873	88561973	1
chr12	88561973	88561998	0.8
chr12	88562148	88562173	0.32
chr12	88562173	88562273	1
chr12	88562273	88562298	1.96
chr12	88562298	88562323	2
chr12	88562323	88562348	1.08
chr12	88562348	88562373	1.32
chr12	88562373	88562423	2
chr12	88562423	88562448	1.44
chr12	88562448	88562523	1
chr12	88562523	88562548	0.08
chr12	88562698	88562848	1
chr12	88562848	88562873	0.92
chr12	88562873	88562898	2.88
chr12	88562898	88562923	3
chr12	88562923	88562948	3.6
chr12	88562948	88562998	4
chr12	88562998	88563023	3.96
chr12	88563023	88563048	1.84
chr12	88563048	88563073	1
chr12	88563073	88563098	0.8
chr12	88563123	88563148	0.16
chr12	88563148	88563173	1.72
chr12	88563173	88563298	3
chr12	88563298	88563323	2.04
chr12	88563323	88563348	0.56
chr12	88563348	88563373	1.88
chr12	88563373	88563448	2
chr12	88563448	88563473	2.12
chr12	88563473	88563498	3
chr12	88563498	88563523	2.68
chr12	88563523	88563623	4
chr12	88563623	88563648	3.28
chr12	88563648	88563673	2.8
chr12	88563673	88563698	0.36
chr12	88563973	88563998	0.88
chr12	88563998	88564123	1
chr12	88564123	88564148	0.52
chr12	88564173	88564198	0.8
chr12	88564198	88564223	1
chr12	88564223	88564248	1.6
chr12	88564248	88564298	2
chr12	88564298	88564323	2.92
chr12	88564323	88564348	2.6
chr12	88564348	88564373	2
chr12	88564373	88564398	1.8
chr12	88564398	88564448	1
chr12	88564448	88564473	0.48
chr12	88564648	88564673	0.76
chr12	88564673	88564698	1
chr12	88564698	88564723	1.64
chr12	88564723	88564798	2
chr12	88564798	88564823	1.64
chr12	88564823	88564848	1.88
chr12	88564848	88564873	2.08
chr12	88564873	88564973	2
chr12	88564973	88564998	1.52
chr12	88564998	88565023	1
chr12	88565023	88565048	0.08
chr12	88565123	88565148	0.6
chr12	88565148	88565198	1
chr12	88565198	88565223	1.48
chr12	88565223	88565273	2
chr12	88565273	88565298	1.8
chr12	88565298	88565323	1
chr12	88565323	88565348	2.28
chr12	88565348	88565373	2.92
chr12	88565373	88565473	2
chr12	88565473	88565498	1.52
chr12	88565573	88565598	0.8
chr12	88565598	88565623	1
chr12	88565623	88565648	2.92
chr12	88565648	88565723	3
chr12	88565723	88565748	2.6
chr12	88565748	88565773	2
chr12	88565773	88565798	0.88
chr12	88565898	88565923	0.32
chr12	88565923	88566073	1
chr12	88566073	88566098	0.08
chr12	88566198	88566223	0.56
chr12	88566223	88566323	2
chr12	88566323	88566348	2.24
chr12	88566348	88566373	3.48
chr12	88566373	88566398	2.4
chr12	88566398	88566498	2
chr12	88566498	88566523	0.96
chr12	88566523	88566598	1
chr12	88566598	88566623	1.84
chr12	88566623	88566673	3
chr12	88566673	88566698	2.36
chr12	88566698	88566748	2
chr12	88566748	88566773	2.04
chr12	88566773	88566798	1.2
chr12	88566798	88566823	1.68
chr12	88566823	88566873	2
chr12	88566873	88566898	2.28
chr12	88566898	88566923	3
chr12	88566923	88566948	2.12
chr12	88566948	88566973	1.72
chr12	88566973	88567048	1
chr12	88567048	88567073	0.12
chr12	88567648	88567673	0.2
chr12	88567673	88567823	1
chr12	88567823	88567848	0.2
chr12	88567973	88567998	0.84
chr12	88567998	88568123	1
chr12	88568123	88568148	0.56
chr12	88568498	88568523	0.08
chr12	88568523	88568673	1
chr12	88568673	88568698	0.32
chr12	88568948	88568973	1.64
chr12	88568973	88568998	3.92
chr12	88568998	88569023	4
chr12	88569023	88569048	4.88
chr12	88569048	88569098	5
chr12	88569098	88569123	4.36
chr12	88569123	88569148	1.68
chr12	88569148	88569173	1
chr12	88569173	88569198	0.52
chr12	88569373	88569398	0.24
chr12	88569398	88569548	1
chr12	88569548	88569573	0.16
chr12	88569623	88569648	0.24
chr12	88569648	88569698	1
chr12	88569698	88569723	1.24
chr12	88569723	88569798	2
chr12	88569798	88569823	1.16
chr12	88569823	88569873	1
chr12	88569873	88569898	0.16
chr12	88569948	88569973	2.12
chr12	88569973	88570048	3
chr12	88570048	88570073	3.12
chr12	88570073	88570098	4
chr12	88570098	88570123	3.08
chr12	88570123	88570223	1
chr12	88570223	88570248	0.28
chr12	88570248	88570273	0.24
chr12	88570273	88570423	1
chr12	88570423	88570448	0.16
chr12	88570448	88570473	0.88
chr12	88570473	88570598	1
chr12	88570598	88570623	0.52
chr12	88570873	88570898	0.32
chr12	88570898	88571048	1
chr12	88571048	88571073	0.08
chr12	88571398	88571423	0.84
chr12	88571423	88571448	1.96
chr12	88571448	88571548	2
chr12	88571548	88571573	1.56
chr12	88571573	88571598	0.44
chr12	88571598	88571623	0.72
chr12	88571623	88571648	1
chr12	88571648	88571673	1.48
chr12	88571673	88571748	2
chr12	88571748	88571773	1.68
chr12	88571773	88571798	1
chr12	88571798	88571823	0.92
chr12	88572048	88572073	0.52
chr12	88572073	88572198	1
chr12	88572198	88572223	0.88
chr12	88572623	88572648	0.32
chr12	88572648	88572798	2
chr12	88572798	88572823	0.68
chr12	88572823	88572923	1
chr12	88572923	88572948	1.96
chr12	88572948	88572973	2
chr12	88572973	88572998	1.2
chr12	88572998	88573023	1
chr12	88573023	88573048	1.64
chr12	88573048	88573073	2
chr12	88573073	88573098	1.44
chr12	88573098	88573123	1
chr12	88573123	88573148	1.88
chr12	88573148	88573198	2.76
chr12	88573198	88573223	2
chr12	88573223	88573248	2.2
chr12	88573248	88573273	3
chr12	88573273	88573298	2.52
chr12	88573298	88573323	1.64
chr12	88573323	88573398	1
chr12	88573398	88573423	0.2
chr12	88573423	88573448	1.12
chr12	88573448	88573473	2.2
chr12	88573473	88573573	3
chr12	88573573	88573598	2.68
chr12	88573598	88573623	1
chr12	88573623	88573648	0.2
chr12	88573648	88573673	0.12
chr12	88573673	88573823	1
chr12	88573823	88573848	0.28
chr12	88573898	88573923	0.76
chr12	88573923	88574023	1
chr12	88574023	88574048	1.44
chr12	88574048	88574073	1.64
chr12	88574073	88574173	1
chr12	88574173	88574198	1.4
chr12	88574198	88574273	1
chr12	88574273	88574298	1.88
chr12	88574298	88574323	2.76
chr12	88574323	88574348	2.96
chr12	88574348	88574423	2
chr12	88574423	88574448	1.52
chr12	88574448	88574473	0.64
#bedGraph section chr12:88574473-88659273
chr12	88574473	88574498	0.6
chr12	88574498	88574623	1
chr12	88574623	88574648	0.8
chr12	88574823	88574848	0.8
chr12	88574848	88574998	3
chr12	88574998	88575023	0.4
chr12	88575223	88575248	0.04
chr12	88575248	88575398	1
chr12	88575398	88575423	0.36
chr12	88575573	88575598	1.24
chr12	88575598	88575723	3
chr12	88575723	88575748	2.76
chr12	88575748	88575773	0.88
chr12	88575773	88575798	1
chr12	88575798	88575823	1.04
chr12	88575823	88575898	2
chr12	88575898	88575923	2.24
chr12	88575923	88575948	2
chr12	88575948	88575973	2.96
chr12	88575973	88575998	2.36
chr12	88575998	88576048	2
chr12	88576048	88576073	1.88
chr12	88576073	88576098	1
chr12	88576098	88576123	0.44
chr12	88576198	88576223	0.92
chr12	88576223	88576348	1
chr12	88576348	88576373	0.48
chr12	88576423	88576448	0.48
chr12	88576448	88576548	1
chr12	88576548	88576573	1.24
chr12	88576573	88576598	1.92
chr12	88576598	88576723	1
chr12	88576723	88576748	0.16
chr12	88576848	88576873	0.8
chr12	88576873	88576923	1
chr12	88576923	88576948	1.24
chr12	88576948	88576973	2.44
chr12	88576973	88576998	3.96
chr12	88576998	88577023	3.6
chr12	88577023	88577098	3
chr12	88577098	88577123	2.12
chr12	88577123	88577148	0.44
chr12	88577298	88577323	0.16
chr12	88577323	88577473	1
chr12	88577473	88577498	0.24
chr12	88577523	88577548	0.84
chr12	88577548	88577648	2
chr12	88577648	88577673	2.2
chr12	88577673	88577698	2.76
chr12	88577698	88577723	1.2
chr12	88577723	88577798	1
chr12	88577798	88577823	1.96
chr12	88577823	88577848	1.68
chr12	88577848	88577898	2
chr12	88577898	88577923	2.8
chr12	88577923	88577948	3.84
chr12	88577948	88577973	3.44
chr12	88577973	88577998	2.92
chr12	88577998	88578048	2
chr12	88578048	88578073	1.6
chr12	88578073	88578098	0.56
chr12	88578123	88578148	0.32
chr12	88578148	88578173	1
chr12	88578173	88578198	1.48
chr12	88578198	88578248	3
chr12	88578248	88578273	3.72
chr12	88578273	88578298	4
chr12	88578298	88578323	3.08
chr12	88578323	88578348	4.16
chr12	88578348	88578373	4.4
chr12	88578373	88578398	4
chr12	88578398	88578423	4.4
chr12	88578423	88578448	4.28
chr12	88578448	88578473	5
chr12	88578473	88578498	5.12
chr12	88578498	88578523	3.76
chr12	88578523	88578548	5.68
chr12	88578548	88578573	7.24
chr12	88578573	88578598	7.6
chr12	88578598	88578623	8.48
chr12	88578623	88578673	8.8
chr12	88578673	88578698	9.28
chr12	88578698	88578723	7.4
chr12	88578723	88578748	7.76
chr12	88578748	88578773	9.08
chr12	88578773	88578798	9.4
chr12	88578798	88578823	13.2
chr12	88578823	88578848	12.04
chr12	88578848	88578873	15.32
chr12	88578873	88578898	16.76
chr12	88578898	88578923	16.12
chr12	88578923	88578948	17.44
chr12	88578948	88578973	17.8
chr12	88578973	88578998	18.28
chr12	88578998	88579023	16.96
chr12	88579023	88579048	16.52
chr12	88579048	88579073	18.44
chr12	88579073	88579098	19.2
chr12	88579098	88579123	18.48
chr12	88579123	88579148	17.68
chr12	88579148	88579173	19.48
chr12	88579173	88579198	19.68
chr12	88579198	88579223	20.4
chr12	88579223	88579248	21.36
chr12	88579248	88579273	21.8
chr12	88579273	88579298	23.24
chr12	88579298	88579323	22.48
chr12	88579323	88579348	22.4
chr12	88579348	88579373	22.6
chr12	88579373	88579398	20.8
chr12	88579398	88579423	22.64
chr12	88579423	88579448	21.64
chr12	88579448	88579473	20.6
chr12	88579473	88579498	21.4
chr12	88579498	88579523	20.04
chr12	88579523	88579548	19.52
chr12	88579548	88579573	18.4
chr12	88579573	88579598	21.68
chr12	88579598	88579623	24.52
chr12	88579623	88579648	25.48
chr12	88579648	88579673	29.52
chr12	88579673	88579698	35.28
chr12	88579698	88579723	36.48
chr12	88579723	88579748	40.24
chr12	88579748	88579773	37.96
chr12	88579773	88579798	38.4
chr12	88579798	88579823	38.92
chr12	88579823	88579848	34.24
chr12	88579848	88579873	33.36
chr12	88579873	88579898	32.36
chr12	88579898	88579923	30.96
chr12	88579923	88579948	37.4
chr12	88579948	88579973	37.44
chr12	88579973	88579998	38
chr12	88579998	88580023	37.6
chr12	88580023	88580048	43.36
chr12	88580048	88580073	44.8
chr12	88580073	88580098	43.84
chr12	88580098	88580123	43.96
chr12	88580123	88580148	46.92
chr12	88580148	88580173	47.36
chr12	88580173	88580198	42.64
chr12	88580198	88580223	37.6
chr12	88580223	88580248	35.6
chr12	88580248	88580273	36.6
chr12	88580273	88580298	36.2
chr12	88580298	88580323	41.12
chr12	88580323	88580348	46.2
chr12	88580348	88580373	44.4
chr12	88580373	88580398	42
chr12	88580398	88580423	38.64
chr12	88580423	88580448	30.68
chr12	88580448	88580473	23.16
