track type=wiggle_0 name="K562" description="H3K4Me3 Mark (Often Found Near Promoters) on K562 Cells from ENCODE"
#bedGraph section chr12:88480848-88579423
chr12	88492748	88492798	1
chr12	88492798	88492823	0.56
chr12	88492948	88492973	0.48
chr12	88492973	88493148	1
chr12	88493148	88493173	1.36
chr12	88493173	88493348	3
chr12	88493348	88493373	2.16
chr12	88493398	88493423	0.12
chr12	88493423	88493598	1
chr12	88493598	88493623	0.88
chr12	88493748	88493773	0.44
chr12	88493773	88493848	1
chr12	88493848	88493948	3
chr12	88493948	88493973	2.56
chr12	88493973	88494048	2
chr12	88494348	88494373	0.24
chr12	88494373	88494548	1
chr12	88494548	88494573	1.12
chr12	88494573	88494748	1
chr12	88494748	88494773	0.64
chr12	88494773	88494798	0.36
chr12	88494798	88494973	1
chr12	88494973	88494998	0.64
chr12	88495173	88495198	0.92
chr12	88495198	88495323	1
chr12	88495323	88495348	2.84
chr12	88495348	88495373	3.24
chr12	88495373	88495398	3.08
chr12	88495398	88495523	3
chr12	88495523	88495548	1.16
chr12	88495548	88495573	0.76
chr12	88495623	88495648	1
chr12	88495648	88495673	2
chr12	88495673	88495698	2.92
chr12	88495698	88495823	3
chr12	88495823	88495848	2
chr12	88495848	88495873	1
chr12	88495873	88495898	0.08
chr12	88496123	88496148	0.16
chr12	88496148	88496323	1
chr12	88496323	88496348	0.84
chr12	88496373	88496398	0.16
chr12	88496398	88496423	1
chr12	88496423	88496448	1.2
chr12	88496448	88496573	2
chr12	88496573	88496598	1.84
chr12	88496598	88496623	1.24
chr12	88496623	88496648	2.8
chr12	88496648	88496798	2
chr12	88496798	88496823	2.28
chr12	88496823	88496998	1
chr12	88496998	88497023	0.48
chr12	88497098	88497123	0.24
chr12	88497123	88497248	1
chr12	88497248	88497273	1.16
chr12	88497273	88497298	2
chr12	88497298	88497323	1.76
chr12	88497323	88497448	1
chr12	88497448	88497473	0.84
chr12	88497548	88497573	0.8
chr12	88497573	88497748	1
chr12	88497748	88497773	0.2
chr12	88497898	88497923	1.68
chr12	88497923	88497998	3
chr12	88497998	88498023	3.84
chr12	88498023	88498073	4
chr12	88498073	88498098	4.92
chr12	88498098	88498123	5.24
chr12	88498123	88498198	4
chr12	88498198	88498223	3.16
chr12	88498223	88498273	3
chr12	88498273	88498298	2.08
chr12	88498298	88498323	0.08
chr12	88498573	88498598	0.56
chr12	88498598	88498773	2
chr12	88498773	88498798	1.44
chr12	88499198	88499223	0.24
chr12	88499223	88499398	1
chr12	88499398	88499423	0.76
chr12	88499973	88499998	0.16
chr12	88499998	88500048	1
chr12	88500048	88500073	1.52
chr12	88500073	88500098	2
chr12	88500098	88500123	2.72
chr12	88500123	88500173	3
chr12	88500173	88500198	2.84
chr12	88500198	88500248	2
chr12	88500248	88500273	1.48
chr12	88500273	88500298	1
chr12	88500298	88500323	0.28
chr12	88500773	88500898	1
chr12	88500898	88500923	1.6
chr12	88500923	88500973	2
chr12	88500973	88501023	1
chr12	88501023	88501048	2.28
chr12	88501048	88501098	3
chr12	88501098	88501123	2.4
chr12	88501123	88501173	2
chr12	88501173	88501198	3.92
chr12	88501198	88501223	4
chr12	88501223	88501248	2.72
chr12	88501248	88501373	2
chr12	88501373	88501398	0.08
chr12	88502148	88502173	0.84
chr12	88502173	88502348	1
chr12	88502348	88502373	0.16
chr12	88502698	88502723	0.68
chr12	88502723	88502748	1
chr12	88502748	88502773	1.96
chr12	88502773	88502798	2.32
chr12	88502798	88502898	3
chr12	88502898	88502923	2.32
chr12	88502923	88502948	2
chr12	88502948	88502973	1.04
chr12	88502973	88502998	0.68
chr12	88503223	88503248	0.04
chr12	88503248	88503423	1
chr12	88503423	88503448	0.96
chr12	88503623	88503648	0.52
chr12	88503648	88503723	1
chr12	88503723	88503748	2.12
chr12	88503748	88503823	3
chr12	88503823	88503848	2.48
chr12	88503848	88503923	2
chr12	88503923	88503948	1.16
chr12	88503948	88504048	1
chr12	88504048	88504073	1.64
chr12	88504073	88504123	2
chr12	88504123	88504148	1.72
chr12	88504148	88504173	1
chr12	88504173	88504198	1.96
chr12	88504198	88504248	2
chr12	88504248	88504273	1.36
chr12	88504273	88504373	1
chr12	88504373	88504398	0.04
chr12	88504748	88504773	0.88
chr12	88504773	88504948	1
chr12	88504948	88504973	0.12
chr12	88505848	88505873	0.92
chr12	88505873	88505948	1
chr12	88505948	88505973	1.8
chr12	88505973	88505998	2
chr12	88505998	88506023	3.12
chr12	88506023	88506048	4
chr12	88506048	88506073	3.08
chr12	88506073	88506123	3
chr12	88506123	88506148	3.32
chr12	88506148	88506173	3.2
chr12	88506173	88506198	3
chr12	88506198	88506223	1.88
chr12	88506223	88506323	1
chr12	88506323	88506348	0.68
chr12	88506423	88506448	0.16
chr12	88506448	88506623	1
chr12	88506623	88506648	0.84
chr12	88506798	88506823	0.28
chr12	88506823	88506998	1
chr12	88506998	88507023	0.72
chr12	88507348	88507373	0.48
chr12	88507373	88507548	1
chr12	88507548	88507573	0.52
chr12	88507923	88507948	0.56
chr12	88507948	88508123	1
chr12	88508123	88508148	1.24
chr12	88508148	88508323	1
chr12	88508323	88508348	0.2
chr12	88508373	88508398	0.76
chr12	88508398	88508573	1
chr12	88508573	88508598	0.24
chr12	88509048	88509073	0.04
chr12	88509073	88509198	1
chr12	88509198	88509223	1.44
chr12	88509223	88509248	2
chr12	88509248	88509273	1.96
chr12	88509273	88509398	1
chr12	88509398	88509423	0.56
chr12	88510098	88510123	0.76
chr12	88510123	88510298	1
chr12	88510298	88510323	0.24
chr12	88510498	88510523	0.28
chr12	88510523	88510698	1
chr12	88510698	88510723	0.72
chr12	88511598	88511623	0.4
chr12	88511623	88511723	2
chr12	88511723	88511748	2.72
chr12	88511748	88511798	3
chr12	88511798	88511823	2.6
chr12	88511823	88511923	1
chr12	88511923	88511948	0.28
chr12	88512773	88512798	0.44
chr12	88512798	88512973	1
chr12	88512973	88512998	0.56
chr12	88513173	88513198	0.32
chr12	88513198	88513223	1.44
chr12	88513223	88513373	2
chr12	88513373	88513398	1.68
chr12	88513398	88513423	0.56
chr12	88513448	88513473	0.56
chr12	88513473	88513648	1
chr12	88513648	88513673	0.68
chr12	88513673	88513848	1
chr12	88513848	88513873	0.76
chr12	88514373	88514398	0.2
chr12	88514398	88514573	1
chr12	88514573	88514598	0.8
chr12	88514723	88514748	0.8
chr12	88514748	88514923	1
chr12	88514923	88514948	0.2
chr12	88514948	88514973	0.24
chr12	88514973	88515148	1
chr12	88515148	88515173	0.76
chr12	88515398	88515423	0.56
chr12	88515423	88515448	1
chr12	88515448	88515473	1.4
chr12	88515473	88515498	2
chr12	88515498	88515523	2.44
chr12	88515523	88515573	3
chr12	88515573	88515598	3.4
chr12	88515598	88515623	3.44
chr12	88515623	88515648	3
chr12	88515648	88515673	2.6
chr12	88515673	88515698	2
chr12	88515698	88515723	1.72
chr12	88515723	88515773	2
chr12	88515773	88515798	1.6
chr12	88515798	88515898	1
chr12	88515898	88515923	0.84
chr12	88516498	88516523	1.6
chr12	88516523	88516673	2
chr12	88516673	88516698	2.76
chr12	88516698	88516723	1.4
chr12	88516723	88516823	1
chr12	88516823	88516848	1.2
chr12	88516848	88516873	2
chr12	88516873	88516898	1.24
chr12	88516898	88516923	1
chr12	88516923	88516948	1.44
chr12	88516948	88517023	2
chr12	88517023	88517048	1.8
chr12	88517048	88517073	2.6
chr12	88517073	88517123	3
chr12	88517123	88517148	2.56
chr12	88517148	88517248	2
chr12	88517248	88517273	0.4
chr12	88517373	88517398	1.12
chr12	88517398	88517498	2
chr12	88517498	88517523	2.08
chr12	88517523	88517573	3
chr12	88517573	88517598	1.88
chr12	88517598	88517698	1
chr12	88517698	88517723	0.92
chr12	88517798	88517823	0.72
chr12	88517823	88517998	2
chr12	88517998	88518023	1.28
chr12	88518023	88518073	1
chr12	88518073	88518098	1.32
chr12	88518098	88518173	2
chr12	88518173	88518198	2.88
chr12	88518198	88518223	3
chr12	88518223	88518273	2
chr12	88518273	88518298	1.68
chr12	88518298	88518323	1.28
chr12	88518323	88518373	2
chr12	88518373	88518398	1.12
chr12	88518398	88518498	1
chr12	88518498	88518523	0.72
chr12	88519323	88519348	2.04
chr12	88519348	88519523	5
chr12	88519523	88519548	3.36
chr12	88519548	88519648	2
chr12	88519648	88519673	2.8
chr12	88519673	88519723	3
chr12	88519723	88519748	2.6
chr12	88519748	88519773	1
chr12	88519773	88519798	1.04
chr12	88519798	88519848	2
chr12	88519848	88519873	1.2
chr12	88519873	88519973	1
chr12	88519973	88519998	0.96
chr12	88520023	88520148	1
chr12	88520148	88520173	1.64
chr12	88520173	88520223	2
chr12	88520223	88520248	3.28
chr12	88520248	88520273	6
chr12	88520273	88520298	6.44
chr12	88520298	88520348	7
chr12	88520348	88520373	6.36
chr12	88520373	88520423	6
chr12	88520423	88520448	4.4
chr12	88520448	88520473	3
chr12	88520473	88520498	2.56
chr12	88520498	88520623	2
chr12	88520623	88520648	1.32
chr12	88520948	88520973	0.24
chr12	88520973	88521148	1
chr12	88521148	88521173	0.96
chr12	88521173	88521348	1
chr12	88521348	88521373	0.8
chr12	88521523	88521548	0.96
chr12	88521548	88521698	2
chr12	88521698	88521723	2.6
chr12	88521723	88521748	2.04
chr12	88521748	88521823	1
chr12	88521823	88521848	1.04
chr12	88521848	88521898	2
chr12	88521898	88521923	1.4
chr12	88521923	88522023	1
chr12	88522023	88522048	0.96
chr12	88522748	88522773	0.68
chr12	88522773	88522948	1
chr12	88522948	88522973	0.32
chr12	88523248	88523273	0.64
chr12	88523273	88523298	1
chr12	88523298	88523323	1.72
chr12	88523323	88523448	2
chr12	88523448	88523473	1.36
chr12	88523473	88523498	1
chr12	88523498	88523523	0.56
chr12	88523523	88523698	1
chr12	88523698	88523723	0.72
chr12	88523798	88523823	0.04
chr12	88523823	88523923	1
chr12	88523923	88523948	1.08
chr12	88523948	88523998	2
chr12	88523998	88524023	1.96
chr12	88524023	88524123	1
chr12	88524123	88524148	3.2
chr12	88524148	88524323	3
chr12	88524323	88524348	0.72
chr12	88524548	88524573	0.64
chr12	88524573	88524648	1
chr12	88524648	88524673	1.48
chr12	88524673	88524698	2.24
chr12	88524698	88524748	3
chr12	88524748	88524773	2.6
chr12	88524773	88524798	3.64
chr12	88524798	88524848	5
chr12	88524848	88524873	4.52
chr12	88524873	88524898	3.76
chr12	88524898	88524923	3.08
chr12	88524923	88524948	4
chr12	88524948	88524973	3.76
chr12	88524973	88524998	2.36
chr12	88524998	88525098	1
chr12	88525098	88525123	0.92
chr12	88525198	88525223	1.76
chr12	88525223	88525398	2
chr12	88525398	88525423	0.24
chr12	88525548	88525573	0.56
chr12	88525573	88525623	1
chr12	88525623	88525648	1.72
chr12	88525648	88525748	2
chr12	88525748	88525773	1.44
chr12	88525773	88525823	1
chr12	88525823	88525848	0.28
chr12	88525948	88525973	0.56
chr12	88525973	88526148	1
chr12	88526148	88526173	0.44
chr12	88526248	88526273	0.04
chr12	88526273	88526298	2.72
chr12	88526298	88526448	3
chr12	88526448	88526473	2.96
chr12	88526473	88526498	0.28
chr12	88526498	88526523	0.8
chr12	88526523	88526548	1.2
chr12	88526548	88526698	2
chr12	88526698	88526723	1.2
chr12	88526723	88526748	0.8
chr12	88527773	88527798	0.6
chr12	88527798	88527873	1
chr12	88527873	88527898	1.12
chr12	88527898	88527973	2
chr12	88527973	88527998	1.84
chr12	88527998	88528073	2
chr12	88528073	88528098	1.88
chr12	88528098	88528173	1
chr12	88528173	88528198	0.56
chr12	88528348	88528373	0.84
chr12	88528373	88528548	1
chr12	88528548	88528573	0.16
chr12	88528873	88528898	1.76
chr12	88528898	88529073	2
chr12	88529073	88529098	0.24
chr12	88529123	88529148	0.36
chr12	88529148	88529173	2.36
chr12	88529173	88529323	3
chr12	88529323	88529348	2.64
chr12	88529348	88529373	0.64
chr12	88530048	88530073	1.68
chr12	88530073	88530098	2
chr12	88530098	88530123	2.16
chr12	88530123	88530248	4
chr12	88530248	88530273	2.32
chr12	88530273	88530298	2
chr12	88530298	88530323	1.84
chr12	88530473	88530498	0.24
chr12	88530498	88530673	1
chr12	88530673	88530698	1.64
chr12	88530698	88530873	1
chr12	88530873	88530898	0.12
chr12	88531023	88531048	0.52
chr12	88531048	88531073	1
chr12	88531073	88531098	1.84
chr12	88531098	88531223	2
chr12	88531223	88531248	1.48
chr12	88531248	88531273	1
chr12	88531273	88531298	0.16
chr12	88531373	88531398	0.24
chr12	88531398	88531548	1
chr12	88531548	88531573	1.36
chr12	88531573	88531598	1.76
chr12	88531598	88531723	1
chr12	88531723	88531748	1.92
chr12	88531748	88531773	1.64
chr12	88531773	88531798	1.12
chr12	88531798	88531923	2
chr12	88531923	88531948	1.08
chr12	88531948	88531973	1
chr12	88531973	88531998	0.88
chr12	88532148	88532173	0.72
chr12	88532173	88532348	2
chr12	88532348	88532373	1.28
chr12	88532523	88532548	0.16
chr12	88532548	88532723	1
chr12	88532723	88532748	1.4
chr12	88532748	88532923	1
chr12	88532923	88532948	1.16
chr12	88532948	88533123	1
chr12	88533123	88533148	0.28
chr12	88533423	88533448	0.04
chr12	88533448	88533623	1
chr12	88533623	88533648	0.96
chr12	88533648	88533673	0.12
chr12	88533673	88533748	1
chr12	88533748	88533773	1.12
chr12	88533773	88533848	2
chr12	88533848	88533873	1.88
chr12	88533873	88533948	1
chr12	88533948	88533973	0.88
chr12	88533998	88534198	1
chr12	88534198	88534223	0.92
chr12	88534223	88534398	1
chr12	88534398	88534423	0.08
chr12	88534773	88534798	0.2
chr12	88534798	88534973	1
chr12	88534973	88534998	0.8
chr12	88535023	88535048	0.36
chr12	88535048	88535223	1
chr12	88535223	88535248	0.64
chr12	88535523	88535648	1
chr12	88535648	88535673	1.88
chr12	88535673	88535698	2
chr12	88535698	88535723	2.04
chr12	88535723	88535848	2
chr12	88535848	88535873	1.12
chr12	88535873	88535898	1
chr12	88535898	88535923	1.32
chr12	88535923	88536023	1
chr12	88536023	88536048	1.92
chr12	88536048	88536098	2
chr12	88536098	88536123	2.68
chr12	88536123	88536223	3
chr12	88536223	88536248	2.08
chr12	88536248	88536298	2
chr12	88536298	88536323	0.96
chr12	88536348	88536548	1
chr12	88536548	88536573	0.76
chr12	88536573	88536748	1
chr12	88536748	88536773	0.24
chr12	88536798	88536823	0.32
chr12	88536823	88536998	1
chr12	88536998	88537023	0.68
chr12	88537448	88537473	0.96
chr12	88537473	88537598	2
chr12	88537598	88537623	2.36
chr12	88537623	88537648	3
chr12	88537648	88537673	2.04
chr12	88537673	88537798	1
chr12	88537798	88537823	0.64
chr12	88538623	88538648	0.56
chr12	88538648	88538798	1
chr12	88538798	88538823	1.84
chr12	88538823	88538848	1.44
chr12	88538848	88538998	1
chr12	88538998	88539023	0.16
chr12	88539073	88539098	0.08
chr12	88539098	88539273	1
chr12	88539273	88539298	0.92
chr12	88539348	88539373	1.56
chr12	88539373	88539523	3
chr12	88539523	88539548	4.28
chr12	88539548	88539573	3.44
chr12	88539573	88539698	2
chr12	88539698	88539723	2.44
chr12	88539723	88539748	1.72
chr12	88539748	88539898	1
chr12	88539898	88539923	0.56
chr12	88540223	88540248	0.08
chr12	88540248	88540423	1
chr12	88540423	88540448	0.92
chr12	88541148	88541173	0.88
chr12	88541173	88541198	1
chr12	88541198	88541348	2
chr12	88541348	88541373	1.12
chr12	88541373	88541398	1
chr12	88541748	88541773	0.64
chr12	88541773	88541948	2
chr12	88541948	88541973	1.36
chr12	88542023	88542048	0.28
chr12	88542048	88542073	1
chr12	88542073	88542273	2
chr12	88542273	88542423	1
chr12	88542423	88542448	0.72
chr12	88544598	88544623	0.88
chr12	88544623	88544798	2
chr12	88544798	88544823	1.12
chr12	88545123	88545148	0.28
chr12	88545148	88545323	1
chr12	88545323	88545348	0.72
chr12	88546173	88546198	0.08
chr12	88546198	88546373	1
chr12	88546373	88546398	0.92
chr12	88546548	88546573	0.12
chr12	88546573	88546748	1
chr12	88546748	88546773	0.88
chr12	88546823	88546848	0.88
chr12	88546848	88546898	1
chr12	88546898	88546923	1.08
chr12	88546923	88546948	2
chr12	88546948	88546973	2.76
chr12	88546973	88547023	3
chr12	88547023	88547048	2.12
chr12	88547048	88547098	2
chr12	88547098	88547123	1.92
chr12	88547123	88547148	1
chr12	88547148	88547173	0.24
chr12	88547323	88547348	0.52
chr12	88547348	88547523	1
chr12	88547523	88547548	0.48
chr12	88547623	88547648	2.16
chr12	88547648	88547798	4
chr12	88547798	88547823	4.28
chr12	88547823	88547848	2.84
chr12	88547848	88547873	1.4
chr12	88547873	88547973	2
chr12	88547973	88547998	2.64
chr12	88547998	88548023	2.72
chr12	88548023	88548048	2
chr12	88548048	88548073	1.6
chr12	88548073	88548173	1
chr12	88548173	88548198	0.36
chr12	88548898	88548923	0.8
chr12	88548923	88549098	1
chr12	88549098	88549123	0.2
chr12	88549198	88549398	1
chr12	88549448	88549473	0.24
chr12	88549473	88549498	2.52
chr12	88549498	88549648	3
chr12	88549648	88549673	2.76
chr12	88549673	88549698	0.48
chr12	88549723	88549748	0.28
chr12	88549748	88549923	1
chr12	88549923	88549948	1.6
chr12	88549948	88550073	1
chr12	88550073	88550098	1.8
chr12	88550098	88550123	2
chr12	88550123	88550148	1.12
chr12	88550148	88550273	1
chr12	88550273	88550298	0.4
chr12	88550298	88550323	1.68
chr12	88550323	88550423	2
chr12	88550423	88550448	2.04
chr12	88550448	88550473	3.16
chr12	88550473	88550498	3.8
chr12	88550498	88550523	2.32
chr12	88550523	88550573	2
chr12	88550573	88550623	3
chr12	88550623	88550648	2.96
chr12	88550648	88550673	1.84
chr12	88550673	88550698	1
chr12	88550698	88550723	2.6
chr12	88550723	88550773	3
chr12	88550773	88550848	2
chr12	88550848	88550873	2.64
chr12	88550873	88550898	3
chr12	88550898	88550923	1.4
chr12	88550923	88551048	1
chr12	88551048	88551073	0.36
chr12	88551473	88551498	0.76
chr12	88551498	88551673	1
chr12	88551673	88551698	0.24
chr12	88551923	88551948	0.96
chr12	88551948	88552123	1
chr12	88552123	88552148	0.04
chr12	88552548	88552573	0.4
chr12	88552573	88552748	1
chr12	88552748	88552773	0.6
chr12	88552973	88552998	0.92
chr12	88552998	88553173	1
chr12	88553173	88553198	0.08
chr12	88553373	88553398	1.6
chr12	88553398	88553498	2
chr12	88553498	88553523	2.12
chr12	88553523	88553573	3
chr12	88553573	88553598	1.4
chr12	88553598	88553698	1
chr12	88553698	88553723	0.88
chr12	88554123	88554148	1.44
chr12	88554148	88554323	2
chr12	88554323	88554348	0.56
chr12	88554498	88554523	0.52
chr12	88554523	88554698	1
chr12	88554698	88554723	0.48
chr12	88554898	88554923	0.92
chr12	88554923	88555098	1
chr12	88555098	88555123	0.08
chr12	88555373	88555398	0.88
chr12	88555398	88555473	1
chr12	88555473	88555498	1.88
chr12	88555498	88555573	2
chr12	88555573	88555598	1.12
chr12	88555598	88555673	1
chr12	88555673	88555698	0.12
chr12	88555773	88555798	0.92
chr12	88555798	88555923	1
chr12	88555923	88555948	1.12
chr12	88555948	88555973	2
chr12	88555973	88555998	1.08
chr12	88555998	88556123	1
chr12	88556123	88556148	0.88
chr12	88556723	88556748	0.72
chr12	88556748	88556798	1
chr12	88556798	88556823	1.52
chr12	88556823	88556923	2
chr12	88556923	88556948	1.28
chr12	88556948	88556998	1
chr12	88556998	88557023	0.48
chr12	88557098	88557123	0.12
chr12	88557123	88557223	1
chr12	88557223	88557248	1.48
chr12	88557248	88557298	2
chr12	88557298	88557323	1.88
chr12	88557323	88557423	1
chr12	88557423	88557448	0.52
chr12	88557548	88557573	0.24
chr12	88557573	88557598	1.32
chr12	88557598	88557748	2
chr12	88557748	88557773	1.76
chr12	88557773	88557798	0.68
chr12	88557948	88557973	0.84
chr12	88557973	88558148	1
chr12	88558148	88558173	0.16
chr12	88558323	88558348	0.08
chr12	88558348	88558398	1
chr12	88558398	88558423	1.96
chr12	88558423	88558448	2
chr12	88558448	88558473	2.28
chr12	88558473	88558523	3
chr12	88558523	88558548	2.92
chr12	88558548	88558598	2
chr12	88558598	88558623	1.04
chr12	88558623	88558648	1
chr12	88558648	88558673	0.72
chr12	88558673	88558698	0.56
chr12	88558698	88558848	1
chr12	88558848	88558873	2
chr12	88558873	88558898	1.44
chr12	88558898	88559048	1
chr12	88559173	88559198	0.52
chr12	88559198	88559323	1
chr12	88559323	88559348	1.4
chr12	88559348	88559373	2
chr12	88559373	88559398	1.48
chr12	88559398	88559523	1
chr12	88559523	88559548	0.6
chr12	88559648	88559673	0.96
chr12	88559673	88559698	1
chr12	88559698	88559723	1.56
chr12	88559723	88559748	3
chr12	88559748	88559773	3.68
chr12	88559773	88559848	4
chr12	88559848	88559873	3.04
chr12	88559873	88559898	3
chr12	88559898	88559923	2.44
chr12	88559923	88559948	2.92
chr12	88559948	88559973	2.32
chr12	88559973	88560123	2
chr12	88560123	88560148	0.08
chr12	88561323	88561348	1.12
chr12	88561348	88561523	3
chr12	88561523	88561548	1.88
chr12	88561548	88561573	0.96
chr12	88561573	88561598	1
chr12	88561598	88561648	3
chr12	88561648	88561673	4.12
chr12	88561673	88561698	5
chr12	88561698	88561723	5.48
chr12	88561723	88561748	6
chr12	88561748	88561773	6.48
chr12	88561773	88561798	7
chr12	88561798	88561848	5
chr12	88561848	88561873	3.88
chr12	88561873	88561898	3
chr12	88561898	88561923	2.52
chr12	88561923	88561948	2
chr12	88561948	88561973	0.56
chr12	88561973	88561998	0.28
chr12	88561998	88562173	1
chr12	88562173	88562198	0.72
chr12	88562323	88562348	0.04
chr12	88562348	88562523	1
chr12	88562523	88562548	0.96
chr12	88562873	88563048	1
chr12	88563048	88563073	1.72
chr12	88563073	88563248	2
chr12	88563248	88563273	1.28
chr12	88563348	88563373	0.04
chr12	88563373	88563398	1
chr12	88563398	88563423	1.96
chr12	88563423	88563448	2
chr12	88563448	88563473	2.24
chr12	88563473	88563548	3
chr12	88563548	88563573	2.96
chr12	88563573	88563598	2
chr12	88563598	88563623	1.52
chr12	88563623	88563648	3
chr12	88563648	88563673	2.76
chr12	88563673	88563798	2
chr12	88563798	88563823	1.52
chr12	88563823	88564023	1
chr12	88564548	88564573	0.6
chr12	88564573	88564748	1
chr12	88564748	88564773	0.4
chr12	88565223	88565248	0.64
chr12	88565248	88565423	1
chr12	88565423	88565448	0.36
chr12	88565473	88565498	0.92
chr12	88565498	88565598	1
chr12	88565598	88565623	1.72
chr12	88565623	88565673	2
chr12	88565673	88565698	1.08
chr12	88565698	88565773	1
chr12	88565773	88565798	1.36
chr12	88565798	88565823	1.28
chr12	88565823	88565848	1
chr12	88565848	88565873	1.08
chr12	88565873	88565898	2.24
chr12	88565898	88565973	4
chr12	88565973	88565998	3.64
chr12	88565998	88566048	3
chr12	88566048	88566073	2.92
chr12	88566073	88566098	1.76
chr12	88566398	88566423	0.16
chr12	88566423	88566498	1
chr12	88566498	88566523	1.84
chr12	88566523	88566598	2
chr12	88566598	88566623	1.84
chr12	88566623	88566698	1
chr12	88566698	88566723	0.16
chr12	88566848	88566873	0.12
chr12	88566873	88567048	1
chr12	88567048	88567073	0.88
chr12	88567323	88567523	1
chr12	88567923	88567948	0.36
chr12	88567948	88568123	1
chr12	88568123	88568148	0.64
chr12	88568348	88568373	0.32
chr12	88568373	88568398	2
chr12	88568398	88568423	2.04
chr12	88568423	88568548	3
chr12	88568548	88568573	2.68
chr12	88568573	88568598	1
chr12	88568598	88568623	0.96
chr12	88569123	88569148	0.28
chr12	88569148	88569323	1
chr12	88569323	88569348	0.72
chr12	88569373	88569398	0.88
chr12	88569398	88569573	1
chr12	88569573	88569598	0.12
chr12	88569748	88569773	0.84
chr12	88569773	88569948	1
chr12	88569948	88569973	0.16
chr12	88569973	88569998	0.8
chr12	88569998	88570023	1.24
chr12	88570023	88570073	2
chr12	88570073	88570098	2.8
chr12	88570098	88570173	3
chr12	88570173	88570198	2.2
chr12	88570198	88570223	1.76
chr12	88570223	88570273	1
chr12	88570273	88570298	0.2
chr12	88570298	88570323	0.24
chr12	88570323	88570423	1
chr12	88570423	88570448	1.4
chr12	88570448	88570498	2
chr12	88570498	88570523	1.76
chr12	88570523	88570623	1
chr12	88570623	88570648	0.6
chr12	88570648	88570673	0.52
chr12	88570673	88570848	1
chr12	88570848	88570873	0.48
chr12	88570923	88570948	0.48
chr12	88570948	88570973	1
chr12	88570973	88570998	1.24
chr12	88570998	88571023	2.72
chr12	88571023	88571123	4
chr12	88571123	88571148	3.52
chr12	88571148	88571173	3
chr12	88571173	88571198	2.76
chr12	88571198	88571223	1.28
chr12	88571398	88571423	0.88
chr12	88571423	88571448	2
chr12	88571448	88571473	2.92
chr12	88571473	88571498	3.88
chr12	88571498	88571598	4
chr12	88571598	88571623	3.12
chr12	88571623	88571648	2
chr12	88571648	88571673	1.08
chr12	88571673	88571698	0.12
chr12	88572148	88572173	0.72
chr12	88572173	88572348	1
chr12	88572348	88572373	0.28
chr12	88572648	88572673	0.4
chr12	88572673	88572748	1
chr12	88572748	88572773	1.96
chr12	88572773	88572848	2
chr12	88572848	88572873	1.6
chr12	88572873	88572948	1
chr12	88572948	88572973	0.04
chr12	88573048	88573073	0.44
chr12	88573073	88573123	1
chr12	88573123	88573148	1.36
chr12	88573148	88573248	2
chr12	88573248	88573273	1.56
chr12	88573273	88573323	1
chr12	88573323	88573348	0.64
chr12	88573623	88573648	0.16
chr12	88573648	88573673	1
chr12	88573673	88573698	1.44
chr12	88573698	88573823	2
chr12	88573823	88573848	1.84
chr12	88573848	88573898	1.56
chr12	88573898	88574048	1
chr12	88574048	88574073	0.44
chr12	88574123	88574148	0.72
chr12	88574148	88574223	2
chr12	88574223	88574248	2.92
chr12	88574248	88574273	3.68
chr12	88574273	88574323	4
chr12	88574323	88574348	3.28
chr12	88574348	88574423	3
chr12	88574423	88574448	2.08
chr12	88574448	88574473	1.32
chr12	88574473	88574548	1
chr12	88574623	88574648	0.32
chr12	88574648	88574823	1
chr12	88574823	88574848	0.68
chr12	88575023	88575048	0.04
chr12	88575048	88575148	1
chr12	88575148	88575173	1.28
chr12	88575173	88575223	2
chr12	88575223	88575248	1.96
chr12	88575248	88575348	1
chr12	88575348	88575373	0.72
chr12	88575373	88575398	1.92
chr12	88575398	88575548	2
chr12	88575548	88575573	2.76
chr12	88575573	88575598	1.08
chr12	88575598	88575748	1
chr12	88575748	88575773	0.24
chr12	88575898	88575923	0.32
chr12	88575923	88576073	1
chr12	88576073	88576098	1.12
chr12	88576098	88576123	1.68
chr12	88576123	88576248	1
chr12	88576248	88576273	1.28
chr12	88576273	88576298	1.88
chr12	88576298	88576448	1
chr12	88576448	88576473	0.72
chr12	88577198	88577223	0.88
chr12	88577223	88577398	1
chr12	88577398	88577423	0.12
chr12	88577973	88577998	0.72
chr12	88577998	88578173	1
chr12	88578173	88578198	1.12
chr12	88578198	88578223	1
chr12	88578223	88578248	1.16
chr12	88578248	88578373	2
chr12	88578373	88578398	1.16
chr12	88578398	88578423	1
chr12	88578423	88578448	0.84
chr12	88578473	88578498	0.92
chr12	88578498	88578548	1
chr12	88578548	88578573	1.24
chr12	88578573	88578673	2
chr12	88578673	88578698	1.08
chr12	88578698	88578748	1
chr12	88578748	88578773	0.76
chr12	88579198	88579223	0.28
chr12	88579223	88579248	1
chr12	88579248	88579273	1.64
chr12	88579273	88579348	2
chr12	88579348	88579373	2.68
chr12	88579373	88579398	3
chr12	88579398	88579423	2.72
#bedGraph section chr12:88579423-88688223
chr12	88579423	88579448	2
chr12	88579448	88579473	2.16
chr12	88579473	88579498	2
chr12	88579498	88579523	2.24
chr12	88579523	88579548	4.08
chr12	88579548	88579573	4.32
chr12	88579573	88579648	4
chr12	88579648	88579673	3.2
chr12	88579673	88579698	3
chr12	88579698	88579723	2.76
chr12	88579723	88579748	1.08
chr12	88579748	88579848	1
chr12	88579848	88579873	1.08
chr12	88579873	88579898	2
chr12	88579898	88579923	2.88
chr12	88579923	88579948	3.8
chr12	88579948	88580048	3
chr12	88580048	88580073	2.92
chr12	88580073	88580098	2
chr12	88580098	88580123	1.44
chr12	88580123	88580148	1.04
chr12	88580148	88580248	1
chr12	88580248	88580273	2.96
chr12	88580273	88580298	4.96
chr12	88580298	88580323	6.68
chr12	88580323	88580373	6
chr12	88580373	88580398	6.48
chr12	88580398	88580448	7
chr12	88580448	88580473	5.04
#bedGraph section chr12:88480848-88579423
chr12	88492748	88492798	1
chr12	88492798	88492823	0.56
chr12	88492948	88492973	0.48
chr12	88492973	88493148	1
chr12	88493148	88493173	1.36
chr12	88493173	88493348	3
chr12	88493348	88493373	2.16
chr12	88493398	88493423	0.12
chr12	88493423	88493598	1
chr12	88493598	88493623	0.88
chr12	88493748	88493773	0.44
chr12	88493773	88493848	1
chr12	88493848	88493948	3
chr12	88493948	88493973	2.56
chr12	88493973	88494048	2
chr12	88494348	88494373	0.24
chr12	88494373	88494548	1
chr12	88494548	88494573	1.12
chr12	88494573	88494748	1
chr12	88494748	88494773	0.64
chr12	88494773	88494798	0.36
chr12	88494798	88494973	1
chr12	88494973	88494998	0.64
chr12	88495173	88495198	0.92
chr12	88495198	88495323	1
chr12	88495323	88495348	2.84
chr12	88495348	88495373	3.24
chr12	88495373	88495398	3.08
chr12	88495398	88495523	3
chr12	88495523	88495548	1.16
chr12	88495548	88495573	0.76
chr12	88495623	88495648	1
chr12	88495648	88495673	2
chr12	88495673	88495698	2.92
chr12	88495698	88495823	3
chr12	88495823	88495848	2
chr12	88495848	88495873	1
chr12	88495873	88495898	0.08
chr12	88496123	88496148	0.16
chr12	88496148	88496323	1
chr12	88496323	88496348	0.84
chr12	88496373	88496398	0.16
chr12	88496398	88496423	1
chr12	88496423	88496448	1.2
chr12	88496448	88496573	2
chr12	88496573	88496598	1.84
chr12	88496598	88496623	1.24
chr12	88496623	88496648	2.8
chr12	88496648	88496798	2
chr12	88496798	88496823	2.28
chr12	88496823	88496998	1
chr12	88496998	88497023	0.48
chr12	88497098	88497123	0.24
chr12	88497123	88497248	1
chr12	88497248	88497273	1.16
chr12	88497273	88497298	2
chr12	88497298	88497323	1.76
chr12	88497323	88497448	1
chr12	88497448	88497473	0.84
chr12	88497548	88497573	0.8
chr12	88497573	88497748	1
chr12	88497748	88497773	0.2
chr12	88497898	88497923	1.68
chr12	88497923	88497998	3
chr12	88497998	88498023	3.84
chr12	88498023	88498073	4
chr12	88498073	88498098	4.92
chr12	88498098	88498123	5.24
chr12	88498123	88498198	4
chr12	88498198	88498223	3.16
chr12	88498223	88498273	3
chr12	88498273	88498298	2.08
chr12	88498298	88498323	0.08
chr12	88498573	88498598	0.56
chr12	88498598	88498773	2
chr12	88498773	88498798	1.44
chr12	88499198	88499223	0.24
chr12	88499223	88499398	1
chr12	88499398	88499423	0.76
chr12	88499973	88499998	0.16
chr12	88499998	88500048	1
chr12	88500048	88500073	1.52
chr12	88500073	88500098	2
chr12	88500098	88500123	2.72
chr12	88500123	88500173	3
chr12	88500173	88500198	2.84
chr12	88500198	88500248	2
chr12	88500248	88500273	1.48
chr12	88500273	88500298	1
chr12	88500298	88500323	0.28
chr12	88500773	88500898	1
chr12	88500898	88500923	1.6
chr12	88500923	88500973	2
chr12	88500973	88501023	1
chr12	88501023	88501048	2.28
chr12	88501048	88501098	3
chr12	88501098	88501123	2.4
chr12	88501123	88501173	2
chr12	88501173	88501198	3.92
chr12	88501198	88501223	4
chr12	88501223	88501248	2.72
chr12	88501248	88501373	2
chr12	88501373	88501398	0.08
chr12	88502148	88502173	0.84
chr12	88502173	88502348	1
chr12	88502348	88502373	0.16
chr12	88502698	88502723	0.68
chr12	88502723	88502748	1
chr12	88502748	88502773	1.96
chr12	88502773	88502798	2.32
chr12	88502798	88502898	3
chr12	88502898	88502923	2.32
chr12	88502923	88502948	2
chr12	88502948	88502973	1.04
chr12	88502973	88502998	0.68
chr12	88503223	88503248	0.04
chr12	88503248	88503423	1
chr12	88503423	88503448	0.96
chr12	88503623	88503648	0.52
chr12	88503648	88503723	1
chr12	88503723	88503748	2.12
chr12	88503748	88503823	3
chr12	88503823	88503848	2.48
chr12	88503848	88503923	2
chr12	88503923	88503948	1.16
chr12	88503948	88504048	1
chr12	88504048	88504073	1.64
chr12	88504073	88504123	2
chr12	88504123	88504148	1.72
chr12	88504148	88504173	1
chr12	88504173	88504198	1.96
chr12	88504198	88504248	2
chr12	88504248	88504273	1.36
chr12	88504273	88504373	1
chr12	88504373	88504398	0.04
chr12	88504748	88504773	0.88
chr12	88504773	88504948	1
chr12	88504948	88504973	0.12
chr12	88505848	88505873	0.92
chr12	88505873	88505948	1
chr12	88505948	88505973	1.8
chr12	88505973	88505998	2
chr12	88505998	88506023	3.12
chr12	88506023	88506048	4
chr12	88506048	88506073	3.08
chr12	88506073	88506123	3
chr12	88506123	88506148	3.32
chr12	88506148	88506173	3.2
chr12	88506173	88506198	3
chr12	88506198	88506223	1.88
chr12	88506223	88506323	1
chr12	88506323	88506348	0.68
chr12	88506423	88506448	0.16
chr12	88506448	88506623	1
chr12	88506623	88506648	0.84
chr12	88506798	88506823	0.28
chr12	88506823	88506998	1
chr12	88506998	88507023	0.72
chr12	88507348	88507373	0.48
chr12	88507373	88507548	1
chr12	88507548	88507573	0.52
chr12	88507923	88507948	0.56
chr12	88507948	88508123	1
chr12	88508123	88508148	1.24
chr12	88508148	88508323	1
chr12	88508323	88508348	0.2
chr12	88508373	88508398	0.76
chr12	88508398	88508573	1
chr12	88508573	88508598	0.24
chr12	88509048	88509073	0.04
chr12	88509073	88509198	1
chr12	88509198	88509223	1.44
chr12	88509223	88509248	2
chr12	88509248	88509273	1.96
chr12	88509273	88509398	1
chr12	88509398	88509423	0.56
chr12	88510098	88510123	0.76
chr12	88510123	88510298	1
chr12	88510298	88510323	0.24
chr12	88510498	88510523	0.28
chr12	88510523	88510698	1
chr12	88510698	88510723	0.72
chr12	88511598	88511623	0.4
chr12	88511623	88511723	2
chr12	88511723	88511748	2.72
chr12	88511748	88511798	3
chr12	88511798	88511823	2.6
chr12	88511823	88511923	1
chr12	88511923	88511948	0.28
chr12	88512773	88512798	0.44
chr12	88512798	88512973	1
chr12	88512973	88512998	0.56
chr12	88513173	88513198	0.32
chr12	88513198	88513223	1.44
chr12	88513223	88513373	2
chr12	88513373	88513398	1.68
chr12	88513398	88513423	0.56
chr12	88513448	88513473	0.56
chr12	88513473	88513648	1
chr12	88513648	88513673	0.68
chr12	88513673	88513848	1
chr12	88513848	88513873	0.76
chr12	88514373	88514398	0.2
chr12	88514398	88514573	1
chr12	88514573	88514598	0.8
chr12	88514723	88514748	0.8
chr12	88514748	88514923	1
chr12	88514923	88514948	0.2
chr12	88514948	88514973	0.24
chr12	88514973	88515148	1
chr12	88515148	88515173	0.76
chr12	88515398	88515423	0.56
chr12	88515423	88515448	1
chr12	88515448	88515473	1.4
chr12	88515473	88515498	2
chr12	88515498	88515523	2.44
chr12	88515523	88515573	3
chr12	88515573	88515598	3.4
chr12	88515598	88515623	3.44
chr12	88515623	88515648	3
chr12	88515648	88515673	2.6
chr12	88515673	88515698	2
chr12	88515698	88515723	1.72
chr12	88515723	88515773	2
chr12	88515773	88515798	1.6
chr12	88515798	88515898	1
chr12	88515898	88515923	0.84
chr12	88516498	88516523	1.6
chr12	88516523	88516673	2
chr12	88516673	88516698	2.76
chr12	88516698	88516723	1.4
chr12	88516723	88516823	1
chr12	88516823	88516848	1.2
chr12	88516848	88516873	2
chr12	88516873	88516898	1.24
chr12	88516898	88516923	1
chr12	88516923	88516948	1.44
chr12	88516948	88517023	2
chr12	88517023	88517048	1.8
chr12	88517048	88517073	2.6
chr12	88517073	88517123	3
chr12	88517123	88517148	2.56
chr12	88517148	88517248	2
chr12	88517248	88517273	0.4
chr12	88517373	88517398	1.12
chr12	88517398	88517498	2
chr12	88517498	88517523	2.08
chr12	88517523	88517573	3
chr12	88517573	88517598	1.88
chr12	88517598	88517698	1
chr12	88517698	88517723	0.92
chr12	88517798	88517823	0.72
chr12	88517823	88517998	2
chr12	88517998	88518023	1.28
chr12	88518023	88518073	1
chr12	88518073	88518098	1.32
chr12	88518098	88518173	2
chr12	88518173	88518198	2.88
chr12	88518198	88518223	3
chr12	88518223	88518273	2
chr12	88518273	88518298	1.68
chr12	88518298	88518323	1.28
chr12	88518323	88518373	2
chr12	88518373	88518398	1.12
chr12	88518398	88518498	1
chr12	88518498	88518523	0.72
chr12	88519323	88519348	2.04
chr12	88519348	88519523	5
chr12	88519523	88519548	3.36
chr12	88519548	88519648	2
chr12	88519648	88519673	2.8
chr12	88519673	88519723	3
chr12	88519723	88519748	2.6
chr12	88519748	88519773	1
chr12	88519773	88519798	1.04
chr12	88519798	88519848	2
chr12	88519848	88519873	1.2
chr12	88519873	88519973	1
chr12	88519973	88519998	0.96
chr12	88520023	88520148	1
chr12	88520148	88520173	1.64
chr12	88520173	88520223	2
chr12	88520223	88520248	3.28
chr12	88520248	88520273	6
chr12	88520273	88520298	6.44
chr12	88520298	88520348	7
chr12	88520348	88520373	6.36
chr12	88520373	88520423	6
chr12	88520423	88520448	4.4
chr12	88520448	88520473	3
chr12	88520473	88520498	2.56
chr12	88520498	88520623	2
chr12	88520623	88520648	1.32
chr12	88520948	88520973	0.24
chr12	88520973	88521148	1
chr12	88521148	88521173	0.96
chr12	88521173	88521348	1
chr12	88521348	88521373	0.8
chr12	88521523	88521548	0.96
chr12	88521548	88521698	2
chr12	88521698	88521723	2.6
chr12	88521723	88521748	2.04
chr12	88521748	88521823	1
chr12	88521823	88521848	1.04
chr12	88521848	88521898	2
chr12	88521898	88521923	1.4
chr12	88521923	88522023	1
chr12	88522023	88522048	0.96
chr12	88522748	88522773	0.68
chr12	88522773	88522948	1
chr12	88522948	88522973	0.32
chr12	88523248	88523273	0.64
chr12	88523273	88523298	1
chr12	88523298	88523323	1.72
chr12	88523323	88523448	2
chr12	88523448	88523473	1.36
chr12	88523473	88523498	1
chr12	88523498	88523523	0.56
chr12	88523523	88523698	1
chr12	88523698	88523723	0.72
chr12	88523798	88523823	0.04
chr12	88523823	88523923	1
chr12	88523923	88523948	1.08
chr12	88523948	88523998	2
chr12	88523998	88524023	1.96
chr12	88524023	88524123	1
chr12	88524123	88524148	3.2
chr12	88524148	88524323	3
chr12	88524323	88524348	0.72
chr12	88524548	88524573	0.64
chr12	88524573	88524648	1
chr12	88524648	88524673	1.48
chr12	88524673	88524698	2.24
chr12	88524698	88524748	3
chr12	88524748	88524773	2.6
chr12	88524773	88524798	3.64
chr12	88524798	88524848	5
chr12	88524848	88524873	4.52
chr12	88524873	88524898	3.76
chr12	88524898	88524923	3.08
chr12	88524923	88524948	4
chr12	88524948	88524973	3.76
chr12	88524973	88524998	2.36
chr12	88524998	88525098	1
chr12	88525098	88525123	0.92
chr12	88525198	88525223	1.76
chr12	88525223	88525398	2
chr12	88525398	88525423	0.24
chr12	88525548	88525573	0.56
chr12	88525573	88525623	1
chr12	88525623	88525648	1.72
chr12	88525648	88525748	2
chr12	88525748	88525773	1.44
chr12	88525773	88525823	1
chr12	88525823	88525848	0.28
chr12	88525948	88525973	0.56
chr12	88525973	88526148	1
chr12	88526148	88526173	0.44
chr12	88526248	88526273	0.04
chr12	88526273	88526298	2.72
chr12	88526298	88526448	3
chr12	88526448	88526473	2.96
chr12	88526473	88526498	0.28
chr12	88526498	88526523	0.8
chr12	88526523	88526548	1.2
chr12	88526548	88526698	2
chr12	88526698	88526723	1.2
chr12	88526723	88526748	0.8
chr12	88527773	88527798	0.6
chr12	88527798	88527873	1
chr12	88527873	88527898	1.12
chr12	88527898	88527973	2
chr12	88527973	88527998	1.84
chr12	88527998	88528073	2
chr12	88528073	88528098	1.88
chr12	88528098	88528173	1
chr12	88528173	88528198	0.56
chr12	88528348	88528373	0.84
chr12	88528373	88528548	1
chr12	88528548	88528573	0.16
chr12	88528873	88528898	1.76
chr12	88528898	88529073	2
chr12	88529073	88529098	0.24
chr12	88529123	88529148	0.36
chr12	88529148	88529173	2.36
chr12	88529173	88529323	3
chr12	88529323	88529348	2.64
chr12	88529348	88529373	0.64
chr12	88530048	88530073	1.68
chr12	88530073	88530098	2
chr12	88530098	88530123	2.16
chr12	88530123	88530248	4
chr12	88530248	88530273	2.32
chr12	88530273	88530298	2
chr12	88530298	88530323	1.84
chr12	88530473	88530498	0.24
chr12	88530498	88530673	1
chr12	88530673	88530698	1.64
chr12	88530698	88530873	1
chr12	88530873	88530898	0.12
chr12	88531023	88531048	0.52
chr12	88531048	88531073	1
chr12	88531073	88531098	1.84
chr12	88531098	88531223	2
chr12	88531223	88531248	1.48
chr12	88531248	88531273	1
chr12	88531273	88531298	0.16
chr12	88531373	88531398	0.24
chr12	88531398	88531548	1
chr12	88531548	88531573	1.36
chr12	88531573	88531598	1.76
chr12	88531598	88531723	1
chr12	88531723	88531748	1.92
chr12	88531748	88531773	1.64
chr12	88531773	88531798	1.12
chr12	88531798	88531923	2
chr12	88531923	88531948	1.08
chr12	88531948	88531973	1
chr12	88531973	88531998	0.88
chr12	88532148	88532173	0.72
chr12	88532173	88532348	2
chr12	88532348	88532373	1.28
chr12	88532523	88532548	0.16
chr12	88532548	88532723	1
chr12	88532723	88532748	1.4
chr12	88532748	88532923	1
chr12	88532923	88532948	1.16
chr12	88532948	88533123	1
chr12	88533123	88533148	0.28
chr12	88533423	88533448	0.04
chr12	88533448	88533623	1
chr12	88533623	88533648	0.96
chr12	88533648	88533673	0.12
chr12	88533673	88533748	1
chr12	88533748	88533773	1.12
chr12	88533773	88533848	2
chr12	88533848	88533873	1.88
chr12	88533873	88533948	1
chr12	88533948	88533973	0.88
chr12	88533998	88534198	1
chr12	88534198	88534223	0.92
chr12	88534223	88534398	1
chr12	88534398	88534423	0.08
chr12	88534773	88534798	0.2
chr12	88534798	88534973	1
chr12	88534973	88534998	0.8
chr12	88535023	88535048	0.36
chr12	88535048	88535223	1
chr12	88535223	88535248	0.64
chr12	88535523	88535648	1
chr12	88535648	88535673	1.88
chr12	88535673	88535698	2
chr12	88535698	88535723	2.04
chr12	88535723	88535848	2
chr12	88535848	88535873	1.12
chr12	88535873	88535898	1
chr12	88535898	88535923	1.32
chr12	88535923	88536023	1
chr12	88536023	88536048	1.92
chr12	88536048	88536098	2
chr12	88536098	88536123	2.68
chr12	88536123	88536223	3
chr12	88536223	88536248	2.08
chr12	88536248	88536298	2
chr12	88536298	88536323	0.96
chr12	88536348	88536548	1
chr12	88536548	88536573	0.76
chr12	88536573	88536748	1
chr12	88536748	88536773	0.24
chr12	88536798	88536823	0.32
chr12	88536823	88536998	1
chr12	88536998	88537023	0.68
chr12	88537448	88537473	0.96
chr12	88537473	88537598	2
chr12	88537598	88537623	2.36
chr12	88537623	88537648	3
chr12	88537648	88537673	2.04
chr12	88537673	88537798	1
chr12	88537798	88537823	0.64
chr12	88538623	88538648	0.56
chr12	88538648	88538798	1
chr12	88538798	88538823	1.84
chr12	88538823	88538848	1.44
chr12	88538848	88538998	1
chr12	88538998	88539023	0.16
chr12	88539073	88539098	0.08
chr12	88539098	88539273	1
chr12	88539273	88539298	0.92
chr12	88539348	88539373	1.56
chr12	88539373	88539523	3
chr12	88539523	88539548	4.28
chr12	88539548	88539573	3.44
chr12	88539573	88539698	2
chr12	88539698	88539723	2.44
chr12	88539723	88539748	1.72
chr12	88539748	88539898	1
chr12	88539898	88539923	0.56
chr12	88540223	88540248	0.08
chr12	88540248	88540423	1
chr12	88540423	88540448	0.92
chr12	88541148	88541173	0.88
chr12	88541173	88541198	1
chr12	88541198	88541348	2
chr12	88541348	88541373	1.12
chr12	88541373	88541398	1
chr12	88541748	88541773	0.64
chr12	88541773	88541948	2
chr12	88541948	88541973	1.36
chr12	88542023	88542048	0.28
chr12	88542048	88542073	1
chr12	88542073	88542273	2
chr12	88542273	88542423	1
chr12	88542423	88542448	0.72
chr12	88544598	88544623	0.88
chr12	88544623	88544798	2
chr12	88544798	88544823	1.12
chr12	88545123	88545148	0.28
chr12	88545148	88545323	1
chr12	88545323	88545348	0.72
chr12	88546173	88546198	0.08
chr12	88546198	88546373	1
chr12	88546373	88546398	0.92
chr12	88546548	88546573	0.12
chr12	88546573	88546748	1
chr12	88546748	88546773	0.88
chr12	88546823	88546848	0.88
chr12	88546848	88546898	1
chr12	88546898	88546923	1.08
chr12	88546923	88546948	2
chr12	88546948	88546973	2.76
chr12	88546973	88547023	3
chr12	88547023	88547048	2.12
chr12	88547048	88547098	2
chr12	88547098	88547123	1.92
chr12	88547123	88547148	1
chr12	88547148	88547173	0.24
chr12	88547323	88547348	0.52
chr12	88547348	88547523	1
chr12	88547523	88547548	0.48
chr12	88547623	88547648	2.16
chr12	88547648	88547798	4
chr12	88547798	88547823	4.28
chr12	88547823	88547848	2.84
chr12	88547848	88547873	1.4
chr12	88547873	88547973	2
chr12	88547973	88547998	2.64
chr12	88547998	88548023	2.72
chr12	88548023	88548048	2
chr12	88548048	88548073	1.6
chr12	88548073	88548173	1
chr12	88548173	88548198	0.36
chr12	88548898	88548923	0.8
chr12	88548923	88549098	1
chr12	88549098	88549123	0.2
chr12	88549198	88549398	1
chr12	88549448	88549473	0.24
chr12	88549473	88549498	2.52
chr12	88549498	88549648	3
chr12	88549648	88549673	2.76
chr12	88549673	88549698	0.48
chr12	88549723	88549748	0.28
chr12	88549748	88549923	1
chr12	88549923	88549948	1.6
chr12	88549948	88550073	1
chr12	88550073	88550098	1.8
chr12	88550098	88550123	2
chr12	88550123	88550148	1.12
chr12	88550148	88550273	1
chr12	88550273	88550298	0.4
chr12	88550298	88550323	1.68
chr12	88550323	88550423	2
chr12	88550423	88550448	2.04
chr12	88550448	88550473	3.16
chr12	88550473	88550498	3.8
chr12	88550498	88550523	2.32
chr12	88550523	88550573	2
chr12	88550573	88550623	3
chr12	88550623	88550648	2.96
chr12	88550648	88550673	1.84
chr12	88550673	88550698	1
chr12	88550698	88550723	2.6
chr12	88550723	88550773	3
chr12	88550773	88550848	2
chr12	88550848	88550873	2.64
chr12	88550873	88550898	3
chr12	88550898	88550923	1.4
chr12	88550923	88551048	1
chr12	88551048	88551073	0.36
chr12	88551473	88551498	0.76
chr12	88551498	88551673	1
chr12	88551673	88551698	0.24
chr12	88551923	88551948	0.96
chr12	88551948	88552123	1
chr12	88552123	88552148	0.04
chr12	88552548	88552573	0.4
chr12	88552573	88552748	1
chr12	88552748	88552773	0.6
chr12	88552973	88552998	0.92
chr12	88552998	88553173	1
chr12	88553173	88553198	0.08
chr12	88553373	88553398	1.6
chr12	88553398	88553498	2
chr12	88553498	88553523	2.12
chr12	88553523	88553573	3
chr12	88553573	88553598	1.4
chr12	88553598	88553698	1
chr12	88553698	88553723	0.88
chr12	88554123	88554148	1.44
chr12	88554148	88554323	2
chr12	88554323	88554348	0.56
chr12	88554498	88554523	0.52
chr12	88554523	88554698	1
chr12	88554698	88554723	0.48
chr12	88554898	88554923	0.92
chr12	88554923	88555098	1
chr12	88555098	88555123	0.08
chr12	88555373	88555398	0.88
chr12	88555398	88555473	1
chr12	88555473	88555498	1.88
chr12	88555498	88555573	2
chr12	88555573	88555598	1.12
chr12	88555598	88555673	1
chr12	88555673	88555698	0.12
chr12	88555773	88555798	0.92
chr12	88555798	88555923	1
chr12	88555923	88555948	1.12
chr12	88555948	88555973	2
chr12	88555973	88555998	1.08
chr12	88555998	88556123	1
chr12	88556123	88556148	0.88
chr12	88556723	88556748	0.72
chr12	88556748	88556798	1
chr12	88556798	88556823	1.52
chr12	88556823	88556923	2
chr12	88556923	88556948	1.28
chr12	88556948	88556998	1
chr12	88556998	88557023	0.48
chr12	88557098	88557123	0.12
chr12	88557123	88557223	1
chr12	88557223	88557248	1.48
chr12	88557248	88557298	2
chr12	88557298	88557323	1.88
chr12	88557323	88557423	1
chr12	88557423	88557448	0.52
chr12	88557548	88557573	0.24
chr12	88557573	88557598	1.32
chr12	88557598	88557748	2
chr12	88557748	88557773	1.76
chr12	88557773	88557798	0.68
chr12	88557948	88557973	0.84
chr12	88557973	88558148	1
chr12	88558148	88558173	0.16
chr12	88558323	88558348	0.08
chr12	88558348	88558398	1
chr12	88558398	88558423	1.96
chr12	88558423	88558448	2
chr12	88558448	88558473	2.28
chr12	88558473	88558523	3
chr12	88558523	88558548	2.92
chr12	88558548	88558598	2
chr12	88558598	88558623	1.04
chr12	88558623	88558648	1
chr12	88558648	88558673	0.72
chr12	88558673	88558698	0.56
chr12	88558698	88558848	1
chr12	88558848	88558873	2
chr12	88558873	88558898	1.44
chr12	88558898	88559048	1
chr12	88559173	88559198	0.52
chr12	88559198	88559323	1
chr12	88559323	88559348	1.4
chr12	88559348	88559373	2
chr12	88559373	88559398	1.48
chr12	88559398	88559523	1
chr12	88559523	88559548	0.6
chr12	88559648	88559673	0.96
chr12	88559673	88559698	1
chr12	88559698	88559723	1.56
chr12	88559723	88559748	3
chr12	88559748	88559773	3.68
chr12	88559773	88559848	4
chr12	88559848	88559873	3.04
chr12	88559873	88559898	3
chr12	88559898	88559923	2.44
chr12	88559923	88559948	2.92
chr12	88559948	88559973	2.32
chr12	88559973	88560123	2
chr12	88560123	88560148	0.08
chr12	88561323	88561348	1.12
chr12	88561348	88561523	3
chr12	88561523	88561548	1.88
chr12	88561548	88561573	0.96
chr12	88561573	88561598	1
chr12	88561598	88561648	3
chr12	88561648	88561673	4.12
chr12	88561673	88561698	5
chr12	88561698	88561723	5.48
chr12	88561723	88561748	6
chr12	88561748	88561773	6.48
chr12	88561773	88561798	7
chr12	88561798	88561848	5
chr12	88561848	88561873	3.88
chr12	88561873	88561898	3
chr12	88561898	88561923	2.52
chr12	88561923	88561948	2
chr12	88561948	88561973	0.56
chr12	88561973	88561998	0.28
chr12	88561998	88562173	1
chr12	88562173	88562198	0.72
chr12	88562323	88562348	0.04
chr12	88562348	88562523	1
chr12	88562523	88562548	0.96
chr12	88562873	88563048	1
chr12	88563048	88563073	1.72
chr12	88563073	88563248	2
chr12	88563248	88563273	1.28
chr12	88563348	88563373	0.04
chr12	88563373	88563398	1
chr12	88563398	88563423	1.96
chr12	88563423	88563448	2
chr12	88563448	88563473	2.24
chr12	88563473	88563548	3
chr12	88563548	88563573	2.96
chr12	88563573	88563598	2
chr12	88563598	88563623	1.52
chr12	88563623	88563648	3
chr12	88563648	88563673	2.76
chr12	88563673	88563798	2
chr12	88563798	88563823	1.52
chr12	88563823	88564023	1
chr12	88564548	88564573	0.6
chr12	88564573	88564748	1
chr12	88564748	88564773	0.4
chr12	88565223	88565248	0.64
chr12	88565248	88565423	1
chr12	88565423	88565448	0.36
chr12	88565473	88565498	0.92
chr12	88565498	88565598	1
chr12	88565598	88565623	1.72
chr12	88565623	88565673	2
chr12	88565673	88565698	1.08
chr12	88565698	88565773	1
chr12	88565773	88565798	1.36
chr12	88565798	88565823	1.28
chr12	88565823	88565848	1
chr12	88565848	88565873	1.08
chr12	88565873	88565898	2.24
chr12	88565898	88565973	4
chr12	88565973	88565998	3.64
chr12	88565998	88566048	3
chr12	88566048	88566073	2.92
chr12	88566073	88566098	1.76
chr12	88566398	88566423	0.16
chr12	88566423	88566498	1
chr12	88566498	88566523	1.84
chr12	88566523	88566598	2
chr12	88566598	88566623	1.84
chr12	88566623	88566698	1
chr12	88566698	88566723	0.16
chr12	88566848	88566873	0.12
chr12	88566873	88567048	1
chr12	88567048	88567073	0.88
chr12	88567323	88567523	1
chr12	88567923	88567948	0.36
chr12	88567948	88568123	1
chr12	88568123	88568148	0.64
chr12	88568348	88568373	0.32
chr12	88568373	88568398	2
chr12	88568398	88568423	2.04
chr12	88568423	88568548	3
chr12	88568548	88568573	2.68
chr12	88568573	88568598	1
chr12	88568598	88568623	0.96
chr12	88569123	88569148	0.28
chr12	88569148	88569323	1
chr12	88569323	88569348	0.72
chr12	88569373	88569398	0.88
chr12	88569398	88569573	1
chr12	88569573	88569598	0.12
chr12	88569748	88569773	0.84
chr12	88569773	88569948	1
chr12	88569948	88569973	0.16
chr12	88569973	88569998	0.8
chr12	88569998	88570023	1.24
chr12	88570023	88570073	2
chr12	88570073	88570098	2.8
chr12	88570098	88570173	3
chr12	88570173	88570198	2.2
chr12	88570198	88570223	1.76
chr12	88570223	88570273	1
chr12	88570273	88570298	0.2
chr12	88570298	88570323	0.24
chr12	88570323	88570423	1
chr12	88570423	88570448	1.4
chr12	88570448	88570498	2
chr12	88570498	88570523	1.76
chr12	88570523	88570623	1
chr12	88570623	88570648	0.6
chr12	88570648	88570673	0.52
chr12	88570673	88570848	1
chr12	88570848	88570873	0.48
chr12	88570923	88570948	0.48
chr12	88570948	88570973	1
chr12	88570973	88570998	1.24
chr12	88570998	88571023	2.72
chr12	88571023	88571123	4
chr12	88571123	88571148	3.52
chr12	88571148	88571173	3
chr12	88571173	88571198	2.76
chr12	88571198	88571223	1.28
chr12	88571398	88571423	0.88
chr12	88571423	88571448	2
chr12	88571448	88571473	2.92
chr12	88571473	88571498	3.88
chr12	88571498	88571598	4
chr12	88571598	88571623	3.12
chr12	88571623	88571648	2
chr12	88571648	88571673	1.08
chr12	88571673	88571698	0.12
chr12	88572148	88572173	0.72
chr12	88572173	88572348	1
chr12	88572348	88572373	0.28
chr12	88572648	88572673	0.4
chr12	88572673	88572748	1
chr12	88572748	88572773	1.96
chr12	88572773	88572848	2
chr12	88572848	88572873	1.6
chr12	88572873	88572948	1
chr12	88572948	88572973	0.04
chr12	88573048	88573073	0.44
chr12	88573073	88573123	1
chr12	88573123	88573148	1.36
chr12	88573148	88573248	2
chr12	88573248	88573273	1.56
chr12	88573273	88573323	1
chr12	88573323	88573348	0.64
chr12	88573623	88573648	0.16
chr12	88573648	88573673	1
chr12	88573673	88573698	1.44
chr12	88573698	88573823	2
chr12	88573823	88573848	1.84
chr12	88573848	88573898	1.56
chr12	88573898	88574048	1
chr12	88574048	88574073	0.44
chr12	88574123	88574148	0.72
chr12	88574148	88574223	2
chr12	88574223	88574248	2.92
chr12	88574248	88574273	3.68
chr12	88574273	88574323	4
chr12	88574323	88574348	3.28
chr12	88574348	88574423	3
chr12	88574423	88574448	2.08
chr12	88574448	88574473	1.32
chr12	88574473	88574548	1
chr12	88574623	88574648	0.32
chr12	88574648	88574823	1
chr12	88574823	88574848	0.68
chr12	88575023	88575048	0.04
chr12	88575048	88575148	1
chr12	88575148	88575173	1.28
chr12	88575173	88575223	2
chr12	88575223	88575248	1.96
chr12	88575248	88575348	1
chr12	88575348	88575373	0.72
chr12	88575373	88575398	1.92
chr12	88575398	88575548	2
chr12	88575548	88575573	2.76
chr12	88575573	88575598	1.08
chr12	88575598	88575748	1
chr12	88575748	88575773	0.24
chr12	88575898	88575923	0.32
chr12	88575923	88576073	1
chr12	88576073	88576098	1.12
chr12	88576098	88576123	1.68
chr12	88576123	88576248	1
chr12	88576248	88576273	1.28
chr12	88576273	88576298	1.88
chr12	88576298	88576448	1
chr12	88576448	88576473	0.72
chr12	88577198	88577223	0.88
chr12	88577223	88577398	1
chr12	88577398	88577423	0.12
chr12	88577973	88577998	0.72
chr12	88577998	88578173	1
chr12	88578173	88578198	1.12
chr12	88578198	88578223	1
chr12	88578223	88578248	1.16
chr12	88578248	88578373	2
chr12	88578373	88578398	1.16
chr12	88578398	88578423	1
chr12	88578423	88578448	0.84
chr12	88578473	88578498	0.92
chr12	88578498	88578548	1
chr12	88578548	88578573	1.24
chr12	88578573	88578673	2
chr12	88578673	88578698	1.08
chr12	88578698	88578748	1
chr12	88578748	88578773	0.76
chr12	88579198	88579223	0.28
chr12	88579223	88579248	1
chr12	88579248	88579273	1.64
chr12	88579273	88579348	2
chr12	88579348	88579373	2.68
chr12	88579373	88579398	3
chr12	88579398	88579423	2.72
#bedGraph section chr12:88579423-88688223
chr12	88579423	88579448	2
chr12	88579448	88579473	2.16
chr12	88579473	88579498	2
chr12	88579498	88579523	2.24
chr12	88579523	88579548	4.08
chr12	88579548	88579573	4.32
chr12	88579573	88579648	4
chr12	88579648	88579673	3.2
chr12	88579673	88579698	3
chr12	88579698	88579723	2.76
chr12	88579723	88579748	1.08
chr12	88579748	88579848	1
chr12	88579848	88579873	1.08
chr12	88579873	88579898	2
chr12	88579898	88579923	2.88
chr12	88579923	88579948	3.8
chr12	88579948	88580048	3
chr12	88580048	88580073	2.92
chr12	88580073	88580098	2
chr12	88580098	88580123	1.44
chr12	88580123	88580148	1.04
chr12	88580148	88580248	1
chr12	88580248	88580273	2.96
chr12	88580273	88580298	4.96
chr12	88580298	88580323	6.68
chr12	88580323	88580373	6
chr12	88580373	88580398	6.48
chr12	88580398	88580448	7
chr12	88580448	88580473	5.04
