track type=wiggle_0 name="K562" description="H3K4Me1 Mark (Often Found Near Regulatory Elements) on K562 Cells from ENCODE"
#bedGraph section chr12:88417573-88527123
chr12	88493523	88493548	0.72
chr12	88493548	88493573	1
chr12	88493573	88493698	2
chr12	88493698	88493723	1.68
chr12	88493723	88493748	1
chr12	88493748	88493773	0.4
chr12	88493823	88493848	0.36
chr12	88493848	88494023	1
chr12	88494023	88494048	0.04
chr12	88495198	88495223	0.24
chr12	88495223	88495398	1
chr12	88495398	88495423	0.16
chr12	88495823	88495848	0.92
chr12	88495848	88495873	1.4
chr12	88495873	88495998	2
chr12	88495998	88496023	1.48
chr12	88496023	88496048	1
chr12	88496148	88496173	0.44
chr12	88496173	88496323	1
chr12	88496323	88496348	0.96
chr12	88496398	88496423	0.72
chr12	88496423	88496598	2
chr12	88496598	88496623	0.08
chr12	88497373	88497398	0.6
chr12	88497398	88497548	1
chr12	88497548	88497573	0.8
chr12	88497773	88497798	0.56
chr12	88497798	88497948	1
chr12	88497948	88497973	0.84
chr12	88498023	88498048	0.4
chr12	88498048	88498223	1
chr12	88498723	88498748	0.48
chr12	88498748	88498898	1
chr12	88498898	88498923	0.92
chr12	88498998	88499023	0.76
chr12	88499023	88499123	1
chr12	88499123	88499148	1.12
chr12	88499148	88499173	2
chr12	88499173	88499198	1.64
chr12	88499198	88499323	1
chr12	88499323	88499348	0.28
chr12	88499523	88499698	2
chr12	88499698	88499723	0.8
chr12	88501498	88501523	0.4
chr12	88501523	88501698	1
chr12	88502373	88502398	0.68
chr12	88502398	88502548	1
chr12	88502548	88502573	0.72
chr12	88502623	88502648	0.12
chr12	88502648	88502723	1
chr12	88502723	88502748	1.4
chr12	88502748	88502823	2
chr12	88502823	88502848	1.28
chr12	88502848	88502923	2
chr12	88502923	88502998	1
chr12	88502998	88503023	1.68
chr12	88503023	88503048	2.08
chr12	88503048	88503173	2
chr12	88503173	88503198	1.72
chr12	88503198	88503223	0.72
chr12	88503248	88503273	0.32
chr12	88503273	88503298	1
chr12	88503298	88503323	1.12
chr12	88503323	88503448	2
chr12	88503448	88503473	1.08
chr12	88503473	88503498	1
chr12	88503498	88503523	0.8
chr12	88503523	88503548	1
chr12	88503548	88503573	1.2
chr12	88503573	88503673	2
chr12	88503673	88503698	1.88
chr12	88503698	88503748	1
chr12	88503748	88503773	0.2
chr12	88504948	88504973	1.08
chr12	88504973	88505123	2
chr12	88505123	88505148	1.72
chr12	88505448	88505473	0.84
chr12	88505473	88505498	1
chr12	88505498	88505523	1.36
chr12	88505523	88505623	2
chr12	88505623	88505648	1.56
chr12	88505648	88505673	1
chr12	88505673	88505698	1.12
chr12	88505698	88505723	1.04
chr12	88505723	88505748	1.2
chr12	88505748	88505773	2.8
chr12	88505773	88505798	3
chr12	88505798	88505823	3.16
chr12	88505823	88505873	4
chr12	88505873	88505898	3.28
chr12	88505898	88505923	3
chr12	88505923	88505948	2.16
chr12	88505948	88505998	2
chr12	88505998	88506023	1.24
chr12	88506023	88506123	1
chr12	88506123	88506148	0.04
chr12	88506148	88506173	0.28
chr12	88506173	88506348	1
chr12	88506348	88506373	0.12
chr12	88507098	88507123	0.8
chr12	88507123	88507273	1
chr12	88507273	88507298	0.6
chr12	88507323	88507348	0.68
chr12	88507348	88507448	1
chr12	88507448	88507473	1.28
chr12	88507473	88507498	2
chr12	88507498	88507523	1.72
chr12	88507523	88507548	1
chr12	88507548	88507573	1.16
chr12	88507573	88507598	2.76
chr12	88507598	88507648	3
chr12	88507648	88507673	2.12
chr12	88507673	88507748	2
chr12	88507748	88507773	0.88
chr12	88507948	88507973	0.76
chr12	88507973	88508098	1
chr12	88508098	88508123	1.44
chr12	88508123	88508148	1.64
chr12	88508148	88508273	1
chr12	88508273	88508298	0.96
chr12	88509723	88509748	0.44
chr12	88509748	88509873	1
chr12	88509873	88509898	1.68
chr12	88509898	88509923	1.96
chr12	88509923	88510048	1
chr12	88510048	88510073	0.72
chr12	88510098	88510123	0.2
chr12	88510123	88510298	1
chr12	88510298	88510323	0.2
chr12	88510798	88510823	0.64
chr12	88510823	88510973	1
chr12	88510973	88510998	0.76
chr12	88511248	88511273	0.88
chr12	88511273	88511423	1
chr12	88511423	88511448	0.52
chr12	88512048	88512073	0.96
chr12	88512073	88512148	1
chr12	88512148	88512173	1.28
chr12	88512173	88512223	2
chr12	88512223	88512248	1.44
chr12	88512248	88512348	1
chr12	88512348	88512373	0.12
chr12	88512673	88512698	0.52
chr12	88512698	88512848	1
chr12	88512848	88512873	0.88
chr12	88513523	88513548	0.96
chr12	88513548	88513698	1
chr12	88513698	88513723	0.44
chr12	88514623	88514648	0.6
chr12	88514648	88514723	1
chr12	88514723	88514748	1.24
chr12	88514748	88514798	2
chr12	88514798	88514823	1.8
chr12	88514823	88514923	1
chr12	88514923	88514948	0.16
chr12	88515398	88515423	0.56
chr12	88515423	88515573	1
chr12	88515573	88515598	0.84
chr12	88516148	88516173	0.8
chr12	88516173	88516223	1
chr12	88516223	88516248	1.52
chr12	88516248	88516323	2
chr12	88516323	88516348	1.6
chr12	88516348	88516398	1
chr12	88516398	88516423	0.88
chr12	88516548	88516573	0.6
chr12	88516573	88516723	1
chr12	88516723	88516748	0.8
chr12	88516773	88516798	0.28
chr12	88516798	88516973	1
chr12	88516973	88516998	0.12
chr12	88517673	88517698	0.8
chr12	88517698	88517848	1
chr12	88517848	88517873	0.6
chr12	88517923	88517948	0.44
chr12	88517948	88518098	1
chr12	88518098	88518123	0.96
chr12	88518173	88518198	0.28
chr12	88518198	88518223	1.36
chr12	88518223	88518298	2
chr12	88518298	88518323	2.8
chr12	88518323	88518373	3
chr12	88518373	88518398	2.12
chr12	88518398	88518423	1.04
chr12	88518423	88518473	1
chr12	88518473	88518498	0.6
chr12	88518548	88518573	0.96
chr12	88518573	88518723	2
chr12	88518723	88518748	1.84
chr12	88519373	88519398	0.08
chr12	88519398	88519573	1
chr12	88519573	88519598	0.8
chr12	88519598	88519723	1
chr12	88519723	88519748	1.64
chr12	88519748	88519773	2.68
chr12	88519773	88519898	2
chr12	88519898	88519923	1.76
chr12	88519923	88519948	0.64
chr12	88520523	88520548	0.96
chr12	88520548	88520698	2
chr12	88520698	88520723	1.84
chr12	88520773	88520948	1
chr12	88520948	88520973	0.4
chr12	88521098	88521123	0.4
chr12	88521123	88521298	1
chr12	88521748	88521773	1.24
chr12	88521773	88521798	3.76
chr12	88521798	88521923	4
chr12	88521923	88521948	3.4
chr12	88521948	88521973	1.2
chr12	88523098	88523123	2.32
chr12	88523123	88523148	3
chr12	88523148	88523173	3.16
chr12	88523173	88523198	4.92
chr12	88523198	88523223	5.16
chr12	88523223	88523273	6
chr12	88523273	88523298	4.88
chr12	88523298	88523323	4.04
chr12	88523323	88523348	5
chr12	88523348	88523373	3.72
chr12	88523373	88523398	3
chr12	88523398	88523423	2.24
chr12	88523423	88523448	2
chr12	88523448	88523473	2.44
chr12	88523473	88523498	2.76
chr12	88523498	88523598	1
chr12	88523598	88523623	1.72
chr12	88523623	88523648	1.96
chr12	88523648	88523698	1
chr12	88523698	88523723	2.68
chr12	88523723	88523773	3
chr12	88523773	88523798	2.68
chr12	88523798	88523823	2
chr12	88523823	88523848	2.8
chr12	88523848	88523873	3
chr12	88523873	88523898	2.12
chr12	88523898	88523948	1
chr12	88523948	88523973	1.44
chr12	88523973	88523998	2
chr12	88523998	88524023	1.6
chr12	88524023	88524123	1
chr12	88524123	88524148	0.96
chr12	88524973	88524998	0.52
chr12	88524998	88525148	1
chr12	88525148	88525173	0.88
chr12	88525348	88525373	0.52
chr12	88525373	88525523	1
chr12	88525523	88525548	0.88
chr12	88525698	88525723	0.48
chr12	88525723	88525773	1
chr12	88525773	88525798	1.72
chr12	88525798	88525873	2
chr12	88525873	88525898	1.92
chr12	88525898	88525923	1
chr12	88525923	88525948	1.8
chr12	88525948	88525973	1.68
chr12	88525973	88526098	1
chr12	88526098	88526123	0.6
chr12	88526773	88526798	0.16
chr12	88526798	88526923	1
chr12	88526923	88526973	2
chr12	88526973	88526998	1.24
chr12	88526998	88527098	1
chr12	88527098	88527123	0.4
#bedGraph section chr12:88527373-88678198
chr12	88527373	88527398	0.56
chr12	88527398	88527548	1
chr12	88527548	88527573	0.84
chr12	88527623	88527648	0.28
chr12	88527648	88527823	1
chr12	88527823	88527848	0.12
chr12	88529798	88529823	0.48
chr12	88529823	88529848	1
chr12	88529848	88529873	1.88
chr12	88529873	88529973	2
chr12	88529973	88529998	1.92
chr12	88529998	88530023	1
chr12	88530023	88530048	0.52
chr12	88530248	88530273	0.08
chr12	88530273	88530448	1
chr12	88530448	88530473	1.08
chr12	88530473	88530623	1
chr12	88530623	88530648	0.64
chr12	88530923	88530948	0.6
chr12	88530948	88531098	1
chr12	88531098	88531123	0.8
chr12	88531648	88531673	0.64
chr12	88531673	88531823	1
chr12	88531823	88531848	0.76
chr12	88532273	88532298	0.6
chr12	88532298	88532448	1
chr12	88532448	88532473	0.8
chr12	88532873	88532898	0.28
chr12	88532898	88533073	1
chr12	88533073	88533098	0.12
chr12	88533873	88533973	1
chr12	88533973	88533998	1.6
chr12	88533998	88534048	2
chr12	88534048	88534073	1.4
chr12	88534073	88534148	1
chr12	88534148	88534173	2.4
chr12	88534173	88534323	2
chr12	88534323	88534348	1.2
chr12	88535598	88535623	0.48
chr12	88535623	88535673	1
chr12	88535673	88535698	1.68
chr12	88535698	88535773	2
chr12	88535773	88535798	1.92
chr12	88535798	88535848	1
chr12	88535848	88535873	0.72
chr12	88536223	88536248	0.6
chr12	88536248	88536398	1
chr12	88536398	88536423	0.8
chr12	88536623	88536648	0.24
chr12	88536648	88536823	1
chr12	88536823	88536848	0.16
chr12	88537873	88537898	0.08
chr12	88537898	88538073	1
chr12	88538073	88538098	0.32
chr12	88538348	88538373	0.84
chr12	88538373	88538523	1
chr12	88538523	88538548	0.56
chr12	88540223	88540248	0.28
chr12	88540248	88540373	1
chr12	88540373	88540398	1.2
chr12	88540398	88540423	2
chr12	88540423	88540448	1.12
chr12	88540448	88540548	1
chr12	88540548	88540573	1.6
chr12	88540573	88540598	2.2
chr12	88540598	88540723	2
chr12	88540723	88540748	1.84
chr12	88540748	88540773	0.36
chr12	88540898	88540923	0.16
chr12	88540923	88541098	1
chr12	88541098	88541123	0.24
chr12	88541198	88541223	0.8
chr12	88541223	88541273	1
chr12	88541273	88541298	1.68
chr12	88541298	88541373	2
chr12	88541373	88541398	1.6
chr12	88541398	88541448	1
chr12	88541448	88541473	0.72
chr12	88541623	88541648	0.8
chr12	88541648	88541798	2
chr12	88541798	88541823	1.6
chr12	88541823	88541848	0.4
chr12	88541898	88542073	1
chr12	88542073	88542098	0.4
chr12	88542398	88542423	0.56
chr12	88542423	88542498	1
chr12	88542498	88542523	1.8
chr12	88542523	88542548	3
chr12	88542548	88542573	4.6
chr12	88542573	88542598	4.84
chr12	88542598	88542698	4
chr12	88542698	88542723	2
chr12	88542723	88542748	1.2
chr12	88542748	88542773	0.72
chr12	88542773	88542923	1
chr12	88542923	88542948	0.68
chr12	88543048	88543073	0.88
chr12	88543073	88543223	1
chr12	88543223	88543248	0.52
chr12	88543598	88543623	1.52
chr12	88543623	88543648	2
chr12	88543648	88543673	2.64
chr12	88543673	88543773	3
chr12	88543773	88543798	2.28
chr12	88543798	88543823	1
chr12	88543823	88543848	0.76
chr12	88544048	88544073	0.72
chr12	88544073	88544123	2
chr12	88544123	88544148	2.52
chr12	88544148	88544173	3.32
chr12	88544173	88544248	4
chr12	88544248	88544273	2.08
chr12	88544273	88544298	2
chr12	88544298	88544323	1.88
chr12	88544323	88544348	1
chr12	88544348	88544373	0.08
chr12	88545048	88545073	0.52
chr12	88545073	88545098	1
chr12	88545098	88545123	1.96
chr12	88545123	88545223	2
chr12	88545223	88545248	1.88
chr12	88545248	88545273	1
chr12	88545273	88545298	0.44
chr12	88545473	88545498	0.76
chr12	88545498	88545648	1
chr12	88545648	88545673	0.64
chr12	88546498	88546523	0.48
chr12	88546523	88546673	1
chr12	88546673	88546698	0.92
chr12	88546848	88546873	0.96
chr12	88546873	88546898	1.64
chr12	88546898	88547023	2
chr12	88547023	88547048	1.44
chr12	88547048	88547073	0.76
chr12	88547773	88547798	1.68
chr12	88547798	88547948	2
chr12	88547948	88547973	1.12
chr12	88549073	88549098	0.84
chr12	88549098	88549123	1
chr12	88549123	88549148	1.88
chr12	88549148	88549248	2
chr12	88549248	88549273	1.56
chr12	88549273	88549298	1
chr12	88549298	88549323	0.52
chr12	88549498	88549523	0.68
chr12	88549523	88549673	1
chr12	88549673	88549698	0.72
chr12	88549773	88549798	0.48
chr12	88549798	88549948	1
chr12	88549948	88549973	0.92
chr12	88550648	88550673	0.2
chr12	88550673	88550848	1
chr12	88550848	88550873	0.2
chr12	88551523	88551548	0.4
chr12	88551548	88551723	1
chr12	88552148	88552173	0.12
chr12	88552173	88552323	1
chr12	88552323	88552348	1.64
chr12	88552348	88552373	1.28
chr12	88552373	88552448	1
chr12	88552448	88552473	1.2
chr12	88552473	88552498	2
chr12	88552498	88552523	1.76
chr12	88552523	88552548	1
chr12	88552548	88552573	1.64
chr12	88552573	88552648	2
chr12	88552648	88552673	1.2
chr12	88552673	88552723	1
chr12	88552723	88552748	0.76
chr12	88552998	88553023	0.52
chr12	88553023	88553148	1
chr12	88553148	88553173	1.6
chr12	88553173	88553198	1.88
chr12	88553198	88553323	1
chr12	88553323	88553348	0.8
chr12	88554023	88554048	1.12
chr12	88554048	88554198	3
chr12	88554198	88554223	2.88
chr12	88554223	88554248	0.2
chr12	88554298	88554323	0.48
chr12	88554323	88554473	1
chr12	88554473	88554498	0.92
chr12	88554898	88554923	0.4
chr12	88554923	88555098	1
chr12	88556323	88556348	0.08
chr12	88556348	88556398	1
chr12	88556398	88556423	1.48
chr12	88556423	88556523	2
chr12	88556523	88556548	1.32
chr12	88556548	88556573	1
chr12	88556573	88556598	0.92
chr12	88556598	88556623	0.12
chr12	88556623	88556723	1
chr12	88556723	88556748	1.48
chr12	88556748	88556798	3
chr12	88556798	88556823	2.28
chr12	88556823	88556923	2
chr12	88556923	88556948	0.32
chr12	88556948	88556973	0.56
chr12	88556973	88556998	1
chr12	88556998	88557023	1.84
chr12	88557023	88557123	2
chr12	88557123	88557148	1.84
chr12	88557148	88557173	1
chr12	88557173	88557198	0.56
chr12	88557773	88557798	0.04
chr12	88557798	88557848	1
chr12	88557848	88557873	1.56
chr12	88557873	88557973	2
chr12	88557973	88557998	1.36
chr12	88557998	88558023	1
chr12	88558023	88558048	0.84
chr12	88558273	88558298	0.8
chr12	88558298	88558373	1
chr12	88558373	88558398	1.72
chr12	88558398	88558423	3
chr12	88558423	88558448	3.68
chr12	88558448	88558473	3.6
chr12	88558473	88558548	3
chr12	88558548	88558573	2.96
chr12	88558573	88558598	1.12
chr12	88558598	88558623	0.72
chr12	88558798	88558823	0.24
chr12	88558823	88558873	1
chr12	88558873	88558898	1.44
chr12	88558898	88558998	2
chr12	88558998	88559023	1.16
chr12	88559023	88559048	1
chr12	88559048	88559073	0.96
chr12	88559123	88559148	0.4
chr12	88559148	88559323	1
chr12	88559923	88559948	1.08
chr12	88559948	88560098	2
chr12	88560098	88560123	1.44
chr12	88560123	88560148	0.28
chr12	88560423	88560448	0.84
chr12	88560448	88560473	1
chr12	88560473	88560498	1.52
chr12	88560498	88560598	2
chr12	88560598	88560623	1.56
chr12	88560623	88560648	1
chr12	88560648	88560673	0.88
chr12	88561373	88561548	1
chr12	88561548	88561573	0.4
chr12	88561623	88561648	0.8
chr12	88561648	88561748	1
chr12	88561748	88561773	1.84
chr12	88561773	88561798	2.4
chr12	88561798	88561823	2.6
chr12	88561823	88561923	2
chr12	88561923	88561948	1.56
chr12	88561948	88561973	1
chr12	88563373	88563398	0.56
chr12	88563398	88563548	1
chr12	88563548	88563573	0.84
chr12	88563773	88563798	0.8
chr12	88563798	88563873	1
chr12	88563873	88563898	1.4
chr12	88563898	88563948	2
chr12	88563948	88563973	1.6
chr12	88563973	88564073	1
chr12	88564198	88564223	0.88
chr12	88564223	88564248	1.2
chr12	88564248	88564373	2
chr12	88564373	88564398	1.52
chr12	88564398	88564423	1
chr12	88564423	88564448	0.2
chr12	88564473	88564498	0.96
chr12	88564498	88564648	1
chr12	88564648	88564673	0.44
chr12	88564873	88564898	0.44
chr12	88564898	88565048	1
chr12	88565048	88565073	0.96
chr12	88565098	88565123	0.2
chr12	88565123	88565298	1
chr12	88565298	88565323	0.2
chr12	88565648	88565673	0.08
chr12	88565673	88565698	1.92
chr12	88565698	88565723	2
chr12	88565723	88565748	2.48
chr12	88565748	88565848	3
chr12	88565848	88565873	1.8
chr12	88565873	88565898	1
chr12	88565898	88565923	0.92
chr12	88566148	88566173	0.88
chr12	88566173	88566323	1
chr12	88566323	88566348	0.52
chr12	88566498	88566523	1.76
chr12	88566523	88566673	2
chr12	88566673	88566698	1.04
chr12	88566698	88566723	1
chr12	88566723	88566873	2
chr12	88566873	88566898	1.72
chr12	88566898	88566923	0.08
chr12	88567848	88567873	0.04
chr12	88567873	88568048	1
chr12	88568048	88568073	0.36
chr12	88568098	88568123	0.04
chr12	88568123	88568248	1
chr12	88568248	88568273	1.4
chr12	88568273	88568298	2
chr12	88568298	88568323	1.36
chr12	88568323	88568448	1
chr12	88568673	88568698	0.28
chr12	88568698	88568873	1
chr12	88568873	88568898	0.12
chr12	88569148	88569173	0.72
chr12	88569173	88569323	1
chr12	88569323	88569348	0.68
chr12	88569698	88569723	0.4
chr12	88569723	88569898	1
chr12	88570123	88570298	1
chr12	88570298	88570323	0.84
chr12	88570323	88570348	2
chr12	88570348	88570373	2.2
chr12	88570373	88570498	3
chr12	88570498	88570523	1.36
chr12	88570523	88570548	1
chr12	88570548	88570573	0.2
chr12	88571273	88571298	0.76
chr12	88571298	88571448	2
chr12	88571448	88571473	1.76
chr12	88571473	88571498	0.28
chr12	88571523	88571548	0.36
chr12	88571548	88571648	1
chr12	88571648	88571673	1.04
chr12	88571673	88571723	2
chr12	88571723	88571748	1.04
chr12	88571748	88571848	1
chr12	88571848	88571873	0.36
chr12	88574473	88574498	0.08
chr12	88574498	88574673	1
chr12	88574673	88574698	0.32
chr12	88575598	88575623	0.84
chr12	88575623	88575723	1
chr12	88575723	88575748	1.24
chr12	88575748	88575773	2
chr12	88575773	88575798	1.56
chr12	88575798	88575923	1
chr12	88575923	88575948	1.04
chr12	88575948	88576098	1
chr12	88576098	88576123	0.52
chr12	88576198	88576223	0.52
chr12	88576223	88576373	1
chr12	88576373	88576398	0.88
chr12	88577323	88577348	0.76
chr12	88577348	88577498	1
chr12	88577498	88577523	0.64
chr12	88578198	88578223	0.44
chr12	88578223	88578373	1
chr12	88578373	88578398	0.96
chr12	88578473	88578498	0.8
chr12	88578498	88578523	2.12
chr12	88578523	88578648	3
chr12	88578648	88578673	2.68
chr12	88578673	88578698	1.32
chr12	88578698	88578723	0.96
chr12	88578723	88578848	1
chr12	88578848	88578873	1.96
chr12	88578873	88578898	1.72
chr12	88578898	88579023	1
chr12	88579023	88579048	0.44
chr12	88579373	88579398	0.28
chr12	88579398	88579423	1
chr12	88579423	88579448	1.88
chr12	88579448	88579548	3
chr12	88579548	88579598	3.12
chr12	88579598	88579623	3.64
chr12	88579623	88579748	2
chr12	88579748	88579773	1.32
chr12	88579773	88579798	1.68
chr12	88579798	88579873	1
chr12	88579873	88579898	1.72
chr12	88579898	88579948	2
chr12	88579948	88579973	1.36
chr12	88579973	88579998	1.04
chr12	88579998	88580023	2.6
chr12	88580023	88580048	3
chr12	88580048	88580073	2.76
chr12	88580073	88580098	3
chr12	88580098	88580123	3.6
chr12	88580123	88580173	4
chr12	88580173	88580198	3.16
chr12	88580198	88580223	2.12
chr12	88580223	88580248	3
chr12	88580248	88580273	4.52
chr12	88580273	88580298	4.8
chr12	88580298	88580398	4
chr12	88580398	88580423	3.28
chr12	88580423	88580448	2.36
chr12	88580448	88580473	1.08
#bedGraph section chr12:88417573-88527123
chr12	88493523	88493548	0.72
chr12	88493548	88493573	1
chr12	88493573	88493698	2
chr12	88493698	88493723	1.68
chr12	88493723	88493748	1
chr12	88493748	88493773	0.4
chr12	88493823	88493848	0.36
chr12	88493848	88494023	1
chr12	88494023	88494048	0.04
chr12	88495198	88495223	0.24
chr12	88495223	88495398	1
chr12	88495398	88495423	0.16
chr12	88495823	88495848	0.92
chr12	88495848	88495873	1.4
chr12	88495873	88495998	2
chr12	88495998	88496023	1.48
chr12	88496023	88496048	1
chr12	88496148	88496173	0.44
chr12	88496173	88496323	1
chr12	88496323	88496348	0.96
chr12	88496398	88496423	0.72
chr12	88496423	88496598	2
chr12	88496598	88496623	0.08
chr12	88497373	88497398	0.6
chr12	88497398	88497548	1
chr12	88497548	88497573	0.8
chr12	88497773	88497798	0.56
chr12	88497798	88497948	1
chr12	88497948	88497973	0.84
chr12	88498023	88498048	0.4
chr12	88498048	88498223	1
chr12	88498723	88498748	0.48
chr12	88498748	88498898	1
chr12	88498898	88498923	0.92
chr12	88498998	88499023	0.76
chr12	88499023	88499123	1
chr12	88499123	88499148	1.12
chr12	88499148	88499173	2
chr12	88499173	88499198	1.64
chr12	88499198	88499323	1
chr12	88499323	88499348	0.28
chr12	88499523	88499698	2
chr12	88499698	88499723	0.8
chr12	88501498	88501523	0.4
chr12	88501523	88501698	1
chr12	88502373	88502398	0.68
chr12	88502398	88502548	1
chr12	88502548	88502573	0.72
chr12	88502623	88502648	0.12
chr12	88502648	88502723	1
chr12	88502723	88502748	1.4
chr12	88502748	88502823	2
chr12	88502823	88502848	1.28
chr12	88502848	88502923	2
chr12	88502923	88502998	1
chr12	88502998	88503023	1.68
chr12	88503023	88503048	2.08
chr12	88503048	88503173	2
chr12	88503173	88503198	1.72
chr12	88503198	88503223	0.72
chr12	88503248	88503273	0.32
chr12	88503273	88503298	1
chr12	88503298	88503323	1.12
chr12	88503323	88503448	2
chr12	88503448	88503473	1.08
chr12	88503473	88503498	1
chr12	88503498	88503523	0.8
chr12	88503523	88503548	1
chr12	88503548	88503573	1.2
chr12	88503573	88503673	2
chr12	88503673	88503698	1.88
chr12	88503698	88503748	1
chr12	88503748	88503773	0.2
chr12	88504948	88504973	1.08
chr12	88504973	88505123	2
chr12	88505123	88505148	1.72
chr12	88505448	88505473	0.84
chr12	88505473	88505498	1
chr12	88505498	88505523	1.36
chr12	88505523	88505623	2
chr12	88505623	88505648	1.56
chr12	88505648	88505673	1
chr12	88505673	88505698	1.12
chr12	88505698	88505723	1.04
chr12	88505723	88505748	1.2
chr12	88505748	88505773	2.8
chr12	88505773	88505798	3
chr12	88505798	88505823	3.16
chr12	88505823	88505873	4
chr12	88505873	88505898	3.28
chr12	88505898	88505923	3
chr12	88505923	88505948	2.16
chr12	88505948	88505998	2
chr12	88505998	88506023	1.24
chr12	88506023	88506123	1
chr12	88506123	88506148	0.04
chr12	88506148	88506173	0.28
chr12	88506173	88506348	1
chr12	88506348	88506373	0.12
chr12	88507098	88507123	0.8
chr12	88507123	88507273	1
chr12	88507273	88507298	0.6
chr12	88507323	88507348	0.68
chr12	88507348	88507448	1
chr12	88507448	88507473	1.28
chr12	88507473	88507498	2
chr12	88507498	88507523	1.72
chr12	88507523	88507548	1
chr12	88507548	88507573	1.16
chr12	88507573	88507598	2.76
chr12	88507598	88507648	3
chr12	88507648	88507673	2.12
chr12	88507673	88507748	2
chr12	88507748	88507773	0.88
chr12	88507948	88507973	0.76
chr12	88507973	88508098	1
chr12	88508098	88508123	1.44
chr12	88508123	88508148	1.64
chr12	88508148	88508273	1
chr12	88508273	88508298	0.96
chr12	88509723	88509748	0.44
chr12	88509748	88509873	1
chr12	88509873	88509898	1.68
chr12	88509898	88509923	1.96
chr12	88509923	88510048	1
chr12	88510048	88510073	0.72
chr12	88510098	88510123	0.2
chr12	88510123	88510298	1
chr12	88510298	88510323	0.2
chr12	88510798	88510823	0.64
chr12	88510823	88510973	1
chr12	88510973	88510998	0.76
chr12	88511248	88511273	0.88
chr12	88511273	88511423	1
chr12	88511423	88511448	0.52
chr12	88512048	88512073	0.96
chr12	88512073	88512148	1
chr12	88512148	88512173	1.28
chr12	88512173	88512223	2
chr12	88512223	88512248	1.44
chr12	88512248	88512348	1
chr12	88512348	88512373	0.12
chr12	88512673	88512698	0.52
chr12	88512698	88512848	1
chr12	88512848	88512873	0.88
chr12	88513523	88513548	0.96
chr12	88513548	88513698	1
chr12	88513698	88513723	0.44
chr12	88514623	88514648	0.6
chr12	88514648	88514723	1
chr12	88514723	88514748	1.24
chr12	88514748	88514798	2
chr12	88514798	88514823	1.8
chr12	88514823	88514923	1
chr12	88514923	88514948	0.16
chr12	88515398	88515423	0.56
chr12	88515423	88515573	1
chr12	88515573	88515598	0.84
chr12	88516148	88516173	0.8
chr12	88516173	88516223	1
chr12	88516223	88516248	1.52
chr12	88516248	88516323	2
chr12	88516323	88516348	1.6
chr12	88516348	88516398	1
chr12	88516398	88516423	0.88
chr12	88516548	88516573	0.6
chr12	88516573	88516723	1
chr12	88516723	88516748	0.8
chr12	88516773	88516798	0.28
chr12	88516798	88516973	1
chr12	88516973	88516998	0.12
chr12	88517673	88517698	0.8
chr12	88517698	88517848	1
chr12	88517848	88517873	0.6
chr12	88517923	88517948	0.44
chr12	88517948	88518098	1
chr12	88518098	88518123	0.96
chr12	88518173	88518198	0.28
chr12	88518198	88518223	1.36
chr12	88518223	88518298	2
chr12	88518298	88518323	2.8
chr12	88518323	88518373	3
chr12	88518373	88518398	2.12
chr12	88518398	88518423	1.04
chr12	88518423	88518473	1
chr12	88518473	88518498	0.6
chr12	88518548	88518573	0.96
chr12	88518573	88518723	2
chr12	88518723	88518748	1.84
chr12	88519373	88519398	0.08
chr12	88519398	88519573	1
chr12	88519573	88519598	0.8
chr12	88519598	88519723	1
chr12	88519723	88519748	1.64
chr12	88519748	88519773	2.68
chr12	88519773	88519898	2
chr12	88519898	88519923	1.76
chr12	88519923	88519948	0.64
chr12	88520523	88520548	0.96
chr12	88520548	88520698	2
chr12	88520698	88520723	1.84
chr12	88520773	88520948	1
chr12	88520948	88520973	0.4
chr12	88521098	88521123	0.4
chr12	88521123	88521298	1
chr12	88521748	88521773	1.24
chr12	88521773	88521798	3.76
chr12	88521798	88521923	4
chr12	88521923	88521948	3.4
chr12	88521948	88521973	1.2
chr12	88523098	88523123	2.32
chr12	88523123	88523148	3
chr12	88523148	88523173	3.16
chr12	88523173	88523198	4.92
chr12	88523198	88523223	5.16
chr12	88523223	88523273	6
chr12	88523273	88523298	4.88
chr12	88523298	88523323	4.04
chr12	88523323	88523348	5
chr12	88523348	88523373	3.72
chr12	88523373	88523398	3
chr12	88523398	88523423	2.24
chr12	88523423	88523448	2
chr12	88523448	88523473	2.44
chr12	88523473	88523498	2.76
chr12	88523498	88523598	1
chr12	88523598	88523623	1.72
chr12	88523623	88523648	1.96
chr12	88523648	88523698	1
chr12	88523698	88523723	2.68
chr12	88523723	88523773	3
chr12	88523773	88523798	2.68
chr12	88523798	88523823	2
chr12	88523823	88523848	2.8
chr12	88523848	88523873	3
chr12	88523873	88523898	2.12
chr12	88523898	88523948	1
chr12	88523948	88523973	1.44
chr12	88523973	88523998	2
chr12	88523998	88524023	1.6
chr12	88524023	88524123	1
chr12	88524123	88524148	0.96
chr12	88524973	88524998	0.52
chr12	88524998	88525148	1
chr12	88525148	88525173	0.88
chr12	88525348	88525373	0.52
chr12	88525373	88525523	1
chr12	88525523	88525548	0.88
chr12	88525698	88525723	0.48
chr12	88525723	88525773	1
chr12	88525773	88525798	1.72
chr12	88525798	88525873	2
chr12	88525873	88525898	1.92
chr12	88525898	88525923	1
chr12	88525923	88525948	1.8
chr12	88525948	88525973	1.68
chr12	88525973	88526098	1
chr12	88526098	88526123	0.6
chr12	88526773	88526798	0.16
chr12	88526798	88526923	1
chr12	88526923	88526973	2
chr12	88526973	88526998	1.24
chr12	88526998	88527098	1
chr12	88527098	88527123	0.4
#bedGraph section chr12:88527373-88678198
chr12	88527373	88527398	0.56
chr12	88527398	88527548	1
chr12	88527548	88527573	0.84
chr12	88527623	88527648	0.28
chr12	88527648	88527823	1
chr12	88527823	88527848	0.12
chr12	88529798	88529823	0.48
chr12	88529823	88529848	1
chr12	88529848	88529873	1.88
chr12	88529873	88529973	2
chr12	88529973	88529998	1.92
chr12	88529998	88530023	1
chr12	88530023	88530048	0.52
chr12	88530248	88530273	0.08
chr12	88530273	88530448	1
chr12	88530448	88530473	1.08
chr12	88530473	88530623	1
chr12	88530623	88530648	0.64
chr12	88530923	88530948	0.6
chr12	88530948	88531098	1
chr12	88531098	88531123	0.8
chr12	88531648	88531673	0.64
chr12	88531673	88531823	1
chr12	88531823	88531848	0.76
chr12	88532273	88532298	0.6
chr12	88532298	88532448	1
chr12	88532448	88532473	0.8
chr12	88532873	88532898	0.28
chr12	88532898	88533073	1
chr12	88533073	88533098	0.12
chr12	88533873	88533973	1
chr12	88533973	88533998	1.6
chr12	88533998	88534048	2
chr12	88534048	88534073	1.4
chr12	88534073	88534148	1
chr12	88534148	88534173	2.4
chr12	88534173	88534323	2
chr12	88534323	88534348	1.2
chr12	88535598	88535623	0.48
chr12	88535623	88535673	1
chr12	88535673	88535698	1.68
chr12	88535698	88535773	2
chr12	88535773	88535798	1.92
chr12	88535798	88535848	1
chr12	88535848	88535873	0.72
chr12	88536223	88536248	0.6
chr12	88536248	88536398	1
chr12	88536398	88536423	0.8
chr12	88536623	88536648	0.24
chr12	88536648	88536823	1
chr12	88536823	88536848	0.16
chr12	88537873	88537898	0.08
chr12	88537898	88538073	1
chr12	88538073	88538098	0.32
chr12	88538348	88538373	0.84
chr12	88538373	88538523	1
chr12	88538523	88538548	0.56
chr12	88540223	88540248	0.28
chr12	88540248	88540373	1
chr12	88540373	88540398	1.2
chr12	88540398	88540423	2
chr12	88540423	88540448	1.12
chr12	88540448	88540548	1
chr12	88540548	88540573	1.6
chr12	88540573	88540598	2.2
chr12	88540598	88540723	2
chr12	88540723	88540748	1.84
chr12	88540748	88540773	0.36
chr12	88540898	88540923	0.16
chr12	88540923	88541098	1
chr12	88541098	88541123	0.24
chr12	88541198	88541223	0.8
chr12	88541223	88541273	1
chr12	88541273	88541298	1.68
chr12	88541298	88541373	2
chr12	88541373	88541398	1.6
chr12	88541398	88541448	1
chr12	88541448	88541473	0.72
chr12	88541623	88541648	0.8
chr12	88541648	88541798	2
chr12	88541798	88541823	1.6
chr12	88541823	88541848	0.4
chr12	88541898	88542073	1
chr12	88542073	88542098	0.4
chr12	88542398	88542423	0.56
chr12	88542423	88542498	1
chr12	88542498	88542523	1.8
chr12	88542523	88542548	3
chr12	88542548	88542573	4.6
chr12	88542573	88542598	4.84
chr12	88542598	88542698	4
chr12	88542698	88542723	2
chr12	88542723	88542748	1.2
chr12	88542748	88542773	0.72
chr12	88542773	88542923	1
chr12	88542923	88542948	0.68
chr12	88543048	88543073	0.88
chr12	88543073	88543223	1
chr12	88543223	88543248	0.52
chr12	88543598	88543623	1.52
chr12	88543623	88543648	2
chr12	88543648	88543673	2.64
chr12	88543673	88543773	3
chr12	88543773	88543798	2.28
chr12	88543798	88543823	1
chr12	88543823	88543848	0.76
chr12	88544048	88544073	0.72
chr12	88544073	88544123	2
chr12	88544123	88544148	2.52
chr12	88544148	88544173	3.32
chr12	88544173	88544248	4
chr12	88544248	88544273	2.08
chr12	88544273	88544298	2
chr12	88544298	88544323	1.88
chr12	88544323	88544348	1
chr12	88544348	88544373	0.08
chr12	88545048	88545073	0.52
chr12	88545073	88545098	1
chr12	88545098	88545123	1.96
chr12	88545123	88545223	2
chr12	88545223	88545248	1.88
chr12	88545248	88545273	1
chr12	88545273	88545298	0.44
chr12	88545473	88545498	0.76
chr12	88545498	88545648	1
chr12	88545648	88545673	0.64
chr12	88546498	88546523	0.48
chr12	88546523	88546673	1
chr12	88546673	88546698	0.92
chr12	88546848	88546873	0.96
chr12	88546873	88546898	1.64
chr12	88546898	88547023	2
chr12	88547023	88547048	1.44
chr12	88547048	88547073	0.76
chr12	88547773	88547798	1.68
chr12	88547798	88547948	2
chr12	88547948	88547973	1.12
chr12	88549073	88549098	0.84
chr12	88549098	88549123	1
chr12	88549123	88549148	1.88
chr12	88549148	88549248	2
chr12	88549248	88549273	1.56
chr12	88549273	88549298	1
chr12	88549298	88549323	0.52
chr12	88549498	88549523	0.68
chr12	88549523	88549673	1
chr12	88549673	88549698	0.72
chr12	88549773	88549798	0.48
chr12	88549798	88549948	1
chr12	88549948	88549973	0.92
chr12	88550648	88550673	0.2
chr12	88550673	88550848	1
chr12	88550848	88550873	0.2
chr12	88551523	88551548	0.4
chr12	88551548	88551723	1
chr12	88552148	88552173	0.12
chr12	88552173	88552323	1
chr12	88552323	88552348	1.64
chr12	88552348	88552373	1.28
chr12	88552373	88552448	1
chr12	88552448	88552473	1.2
chr12	88552473	88552498	2
chr12	88552498	88552523	1.76
chr12	88552523	88552548	1
chr12	88552548	88552573	1.64
chr12	88552573	88552648	2
chr12	88552648	88552673	1.2
chr12	88552673	88552723	1
chr12	88552723	88552748	0.76
chr12	88552998	88553023	0.52
chr12	88553023	88553148	1
chr12	88553148	88553173	1.6
chr12	88553173	88553198	1.88
chr12	88553198	88553323	1
chr12	88553323	88553348	0.8
chr12	88554023	88554048	1.12
chr12	88554048	88554198	3
chr12	88554198	88554223	2.88
chr12	88554223	88554248	0.2
chr12	88554298	88554323	0.48
chr12	88554323	88554473	1
chr12	88554473	88554498	0.92
chr12	88554898	88554923	0.4
chr12	88554923	88555098	1
chr12	88556323	88556348	0.08
chr12	88556348	88556398	1
chr12	88556398	88556423	1.48
chr12	88556423	88556523	2
chr12	88556523	88556548	1.32
chr12	88556548	88556573	1
chr12	88556573	88556598	0.92
chr12	88556598	88556623	0.12
chr12	88556623	88556723	1
chr12	88556723	88556748	1.48
chr12	88556748	88556798	3
chr12	88556798	88556823	2.28
chr12	88556823	88556923	2
chr12	88556923	88556948	0.32
chr12	88556948	88556973	0.56
chr12	88556973	88556998	1
chr12	88556998	88557023	1.84
chr12	88557023	88557123	2
chr12	88557123	88557148	1.84
chr12	88557148	88557173	1
chr12	88557173	88557198	0.56
chr12	88557773	88557798	0.04
chr12	88557798	88557848	1
chr12	88557848	88557873	1.56
chr12	88557873	88557973	2
chr12	88557973	88557998	1.36
chr12	88557998	88558023	1
chr12	88558023	88558048	0.84
chr12	88558273	88558298	0.8
chr12	88558298	88558373	1
chr12	88558373	88558398	1.72
chr12	88558398	88558423	3
chr12	88558423	88558448	3.68
chr12	88558448	88558473	3.6
chr12	88558473	88558548	3
chr12	88558548	88558573	2.96
chr12	88558573	88558598	1.12
chr12	88558598	88558623	0.72
chr12	88558798	88558823	0.24
chr12	88558823	88558873	1
chr12	88558873	88558898	1.44
chr12	88558898	88558998	2
chr12	88558998	88559023	1.16
chr12	88559023	88559048	1
chr12	88559048	88559073	0.96
chr12	88559123	88559148	0.4
chr12	88559148	88559323	1
chr12	88559923	88559948	1.08
chr12	88559948	88560098	2
chr12	88560098	88560123	1.44
chr12	88560123	88560148	0.28
chr12	88560423	88560448	0.84
chr12	88560448	88560473	1
chr12	88560473	88560498	1.52
chr12	88560498	88560598	2
chr12	88560598	88560623	1.56
chr12	88560623	88560648	1
chr12	88560648	88560673	0.88
chr12	88561373	88561548	1
chr12	88561548	88561573	0.4
chr12	88561623	88561648	0.8
chr12	88561648	88561748	1
chr12	88561748	88561773	1.84
chr12	88561773	88561798	2.4
chr12	88561798	88561823	2.6
chr12	88561823	88561923	2
chr12	88561923	88561948	1.56
chr12	88561948	88561973	1
chr12	88563373	88563398	0.56
chr12	88563398	88563548	1
chr12	88563548	88563573	0.84
chr12	88563773	88563798	0.8
chr12	88563798	88563873	1
chr12	88563873	88563898	1.4
chr12	88563898	88563948	2
chr12	88563948	88563973	1.6
chr12	88563973	88564073	1
chr12	88564198	88564223	0.88
chr12	88564223	88564248	1.2
chr12	88564248	88564373	2
chr12	88564373	88564398	1.52
chr12	88564398	88564423	1
chr12	88564423	88564448	0.2
chr12	88564473	88564498	0.96
chr12	88564498	88564648	1
chr12	88564648	88564673	0.44
chr12	88564873	88564898	0.44
chr12	88564898	88565048	1
chr12	88565048	88565073	0.96
chr12	88565098	88565123	0.2
chr12	88565123	88565298	1
chr12	88565298	88565323	0.2
chr12	88565648	88565673	0.08
chr12	88565673	88565698	1.92
chr12	88565698	88565723	2
chr12	88565723	88565748	2.48
chr12	88565748	88565848	3
chr12	88565848	88565873	1.8
chr12	88565873	88565898	1
chr12	88565898	88565923	0.92
chr12	88566148	88566173	0.88
chr12	88566173	88566323	1
chr12	88566323	88566348	0.52
chr12	88566498	88566523	1.76
chr12	88566523	88566673	2
chr12	88566673	88566698	1.04
chr12	88566698	88566723	1
chr12	88566723	88566873	2
chr12	88566873	88566898	1.72
chr12	88566898	88566923	0.08
chr12	88567848	88567873	0.04
chr12	88567873	88568048	1
chr12	88568048	88568073	0.36
chr12	88568098	88568123	0.04
chr12	88568123	88568248	1
chr12	88568248	88568273	1.4
chr12	88568273	88568298	2
chr12	88568298	88568323	1.36
chr12	88568323	88568448	1
chr12	88568673	88568698	0.28
chr12	88568698	88568873	1
chr12	88568873	88568898	0.12
chr12	88569148	88569173	0.72
chr12	88569173	88569323	1
chr12	88569323	88569348	0.68
chr12	88569698	88569723	0.4
chr12	88569723	88569898	1
chr12	88570123	88570298	1
chr12	88570298	88570323	0.84
chr12	88570323	88570348	2
chr12	88570348	88570373	2.2
chr12	88570373	88570498	3
chr12	88570498	88570523	1.36
chr12	88570523	88570548	1
chr12	88570548	88570573	0.2
chr12	88571273	88571298	0.76
chr12	88571298	88571448	2
chr12	88571448	88571473	1.76
chr12	88571473	88571498	0.28
chr12	88571523	88571548	0.36
chr12	88571548	88571648	1
chr12	88571648	88571673	1.04
chr12	88571673	88571723	2
chr12	88571723	88571748	1.04
chr12	88571748	88571848	1
chr12	88571848	88571873	0.36
chr12	88574473	88574498	0.08
chr12	88574498	88574673	1
chr12	88574673	88574698	0.32
chr12	88575598	88575623	0.84
chr12	88575623	88575723	1
chr12	88575723	88575748	1.24
chr12	88575748	88575773	2
chr12	88575773	88575798	1.56
chr12	88575798	88575923	1
chr12	88575923	88575948	1.04
chr12	88575948	88576098	1
chr12	88576098	88576123	0.52
chr12	88576198	88576223	0.52
chr12	88576223	88576373	1
chr12	88576373	88576398	0.88
chr12	88577323	88577348	0.76
chr12	88577348	88577498	1
chr12	88577498	88577523	0.64
chr12	88578198	88578223	0.44
chr12	88578223	88578373	1
chr12	88578373	88578398	0.96
chr12	88578473	88578498	0.8
chr12	88578498	88578523	2.12
chr12	88578523	88578648	3
chr12	88578648	88578673	2.68
chr12	88578673	88578698	1.32
chr12	88578698	88578723	0.96
chr12	88578723	88578848	1
chr12	88578848	88578873	1.96
chr12	88578873	88578898	1.72
chr12	88578898	88579023	1
chr12	88579023	88579048	0.44
chr12	88579373	88579398	0.28
chr12	88579398	88579423	1
chr12	88579423	88579448	1.88
chr12	88579448	88579548	3
chr12	88579548	88579598	3.12
chr12	88579598	88579623	3.64
chr12	88579623	88579748	2
chr12	88579748	88579773	1.32
chr12	88579773	88579798	1.68
chr12	88579798	88579873	1
chr12	88579873	88579898	1.72
chr12	88579898	88579948	2
chr12	88579948	88579973	1.36
chr12	88579973	88579998	1.04
chr12	88579998	88580023	2.6
chr12	88580023	88580048	3
chr12	88580048	88580073	2.76
chr12	88580073	88580098	3
chr12	88580098	88580123	3.6
chr12	88580123	88580173	4
chr12	88580173	88580198	3.16
chr12	88580198	88580223	2.12
chr12	88580223	88580248	3
chr12	88580248	88580273	4.52
chr12	88580273	88580298	4.8
chr12	88580298	88580398	4
chr12	88580398	88580423	3.28
chr12	88580423	88580448	2.36
chr12	88580448	88580473	1.08
