track type=wiggle_0 name="K562" description="H3K27Ac Mark (Often Found Near Regulatory Elements) on K562 Cells from ENCODE"
#bedGraph section chr12:88433673-88598173
chr12	88493698	88493723	0.04
chr12	88493723	88493748	1.76
chr12	88493748	88493898	2
chr12	88493898	88493923	1.32
chr12	88494698	88494723	0.84
chr12	88494723	88494873	1
chr12	88494873	88494898	0.72
chr12	88494898	88494923	0.76
chr12	88494923	88495073	1
chr12	88495073	88495098	0.8
chr12	88496323	88496348	0.04
chr12	88496348	88496523	1
chr12	88496523	88496548	0.52
chr12	88496673	88496698	0.68
chr12	88496698	88496748	1
chr12	88496748	88496773	1.48
chr12	88496773	88496848	4
chr12	88496848	88496873	3.88
chr12	88496873	88496948	3
chr12	88496948	88496973	1.2
chr12	88497098	88497123	0.76
chr12	88497123	88497173	1
chr12	88497173	88497198	1.72
chr12	88497198	88497273	2
chr12	88497273	88497298	1.8
chr12	88497298	88497348	1
chr12	88497348	88497373	2.52
chr12	88497373	88497523	2
chr12	88497523	88497548	1.44
chr12	88497648	88497673	0.88
chr12	88497673	88497823	1
chr12	88497823	88497848	0.68
chr12	88497873	88497898	0.2
chr12	88497898	88498073	1
chr12	88498073	88498098	1.88
chr12	88498098	88498248	2
chr12	88498248	88498273	1.6
chr12	88498498	88498523	0.12
chr12	88498523	88498698	1
chr12	88498698	88498723	0.44
chr12	88499498	88499523	1.68
chr12	88499523	88499673	2
chr12	88499673	88499698	1.44
chr12	88500198	88500373	1
chr12	88500373	88500398	0.56
chr12	88500898	88500923	0.64
chr12	88500923	88501023	1
chr12	88501023	88501048	1.48
chr12	88501048	88501073	2
chr12	88501073	88501098	1.92
chr12	88501098	88501223	1
chr12	88501223	88501248	0.08
chr12	88501498	88501523	0.72
chr12	88501523	88501673	1
chr12	88501673	88501698	0.84
chr12	88502398	88502423	0.4
chr12	88502423	88502598	1
chr12	88502598	88502623	0.16
chr12	88502873	88502898	0.44
chr12	88502898	88502923	1
chr12	88502923	88502948	1.12
chr12	88502948	88503073	2
chr12	88503073	88503098	1.12
chr12	88503098	88503123	1
chr12	88503123	88503148	0.44
chr12	88503423	88503448	0.24
chr12	88503448	88503598	2
chr12	88503598	88503623	2.92
chr12	88503623	88503648	1.88
chr12	88503648	88503673	2.52
chr12	88503673	88503698	3
chr12	88503698	88503723	3.56
chr12	88503723	88503773	4
chr12	88503773	88503798	3.64
chr12	88503798	88503823	3
chr12	88503823	88503848	2.6
chr12	88503848	88503898	1
chr12	88505223	88505248	1.36
chr12	88505248	88505398	2
chr12	88505398	88505423	1.76
chr12	88505473	88505648	1
chr12	88505648	88505673	0.56
chr12	88506048	88506073	1.36
chr12	88506073	88506098	2.72
chr12	88506098	88506198	3
chr12	88506198	88506223	3.28
chr12	88506223	88506248	3.76
chr12	88506248	88506273	1.84
chr12	88506273	88506298	1
chr12	88506298	88506323	3
chr12	88506323	88506398	6
chr12	88506398	88506423	5.28
chr12	88506423	88506498	5
chr12	88506498	88506523	0.8
chr12	88506923	88506948	0.84
chr12	88506948	88507098	1
chr12	88507098	88507123	1.36
chr12	88507123	88507273	1
chr12	88507273	88507298	0.92
chr12	88507573	88507598	0.52
chr12	88507598	88507773	1
chr12	88507773	88507798	0.04
chr12	88508473	88508498	0.4
chr12	88508498	88508673	1
chr12	88508673	88508698	0.16
chr12	88509598	88509623	0.2
chr12	88509623	88509798	1
chr12	88509798	88509823	0.36
chr12	88511273	88511298	0.4
chr12	88511298	88511323	1.16
chr12	88511323	88511473	3
chr12	88511473	88511498	2.16
chr12	88511498	88511523	0.96
chr12	88514673	88514698	1.6
chr12	88514698	88514848	2
chr12	88514848	88514873	1.52
chr12	88515248	88515273	0.32
chr12	88515273	88515448	2
chr12	88515448	88515473	0.8
chr12	88515498	88515523	0.92
chr12	88515523	88515673	2
chr12	88515673	88515698	1.64
chr12	88515698	88515723	0.56
chr12	88515998	88516023	0.08
chr12	88516023	88516198	1
chr12	88516198	88516223	0.48
chr12	88517448	88517473	0.48
chr12	88517473	88517648	1
chr12	88517648	88517673	0.08
chr12	88518473	88518498	0.4
chr12	88518498	88518598	2
chr12	88518598	88518623	3.44
chr12	88518623	88518673	4
chr12	88518673	88518698	2.72
chr12	88518698	88518773	2
chr12	88518773	88518798	1.68
chr12	88519623	88519648	0.52
chr12	88519648	88519823	1
chr12	88519823	88519848	0.04
chr12	88519873	88519898	0.04
chr12	88519898	88520073	1
chr12	88520073	88520098	0.52
chr12	88520423	88520448	0.4
chr12	88520448	88520623	1
chr12	88520623	88520648	0.16
chr12	88521898	88521923	0.44
chr12	88521923	88522098	1
chr12	88522098	88522123	0.12
chr12	88522573	88522598	0.36
chr12	88522598	88522723	1
chr12	88522723	88522748	1.76
chr12	88522748	88522773	2
chr12	88522773	88522798	1.2
chr12	88522798	88522898	1
chr12	88522898	88522923	0.8
chr12	88522948	88522973	0.44
chr12	88522973	88523148	1
chr12	88523148	88523173	0.12
chr12	88525423	88525448	0.88
chr12	88525448	88525623	2
chr12	88525623	88525648	0.24
chr12	88525848	88525873	0.6
chr12	88525873	88525923	1
chr12	88525923	88525948	1.32
chr12	88525948	88526023	2
chr12	88526023	88526048	1.96
chr12	88526048	88526123	1
chr12	88526123	88526148	0.24
chr12	88527873	88527898	0.36
chr12	88527898	88528073	1
chr12	88528073	88528098	1.44
chr12	88528098	88528248	2
chr12	88528248	88528273	1.56
chr12	88528273	88528298	0.32
chr12	88529073	88529098	1.12
chr12	88529098	88529273	2
chr12	88531173	88531198	1.2
chr12	88531198	88531348	2
chr12	88531348	88531373	1.56
chr12	88531373	88531398	0.36
chr12	88531548	88531573	0.64
chr12	88531573	88531748	2
chr12	88531748	88531773	0.48
chr12	88532048	88532073	0.96
chr12	88532073	88532223	1
chr12	88532223	88532248	0.6
chr12	88532873	88532898	0.16
chr12	88532898	88533073	2
chr12	88533073	88533098	0.96
chr12	88533848	88533873	0.36
chr12	88533873	88534048	1
chr12	88534048	88534073	0.2
chr12	88534073	88534098	0.48
chr12	88534098	88534273	1
chr12	88534273	88534298	0.08
chr12	88534373	88534398	0.4
chr12	88534398	88534573	1
chr12	88534573	88534598	0.16
chr12	88534648	88534673	0.08
chr12	88534673	88534848	1
chr12	88534848	88534873	0.48
chr12	88535323	88535348	0.32
chr12	88535348	88535423	1
chr12	88535423	88535448	1.88
chr12	88535448	88535523	2
chr12	88535523	88535548	1.24
chr12	88535548	88535598	1
chr12	88535598	88535623	0.68
chr12	88536273	88536298	0.8
chr12	88536298	88536448	1
chr12	88536448	88536473	0.76
chr12	88536973	88536998	0.52
chr12	88536998	88537173	1
chr12	88537173	88537198	0.04
chr12	88538073	88538098	0.84
chr12	88538098	88538248	1
chr12	88538248	88538273	1.08
chr12	88538273	88538448	1
chr12	88538448	88538473	0.2
chr12	88538723	88538748	0.8
chr12	88538748	88538923	2
chr12	88538923	88538948	0.32
chr12	88539373	88539398	0.4
chr12	88539398	88539448	2
chr12	88539448	88539473	2.4
chr12	88539473	88539573	3
chr12	88539573	88539598	1.72
chr12	88539598	88539648	1
chr12	88539648	88539673	0.16
chr12	88540923	88540948	0.44
chr12	88540948	88541123	1
chr12	88541123	88541148	0.12
chr12	88541373	88541398	0.28
chr12	88541398	88541573	1
chr12	88541573	88541598	0.28
chr12	88542123	88542148	1.84
chr12	88542148	88542298	2
chr12	88542298	88542323	1.28
chr12	88542848	88542873	0.28
chr12	88542873	88543048	1
chr12	88543048	88543073	0.28
chr12	88543198	88543223	0.08
chr12	88543223	88543398	1
chr12	88543398	88543423	0.48
chr12	88544273	88544298	0.4
chr12	88544298	88544473	1
chr12	88544473	88544498	0.16
chr12	88544973	88544998	0.56
chr12	88544998	88545048	2
chr12	88545048	88545073	2.68
chr12	88545073	88545098	3
chr12	88545098	88545123	3.72
chr12	88545123	88545173	6
chr12	88545173	88545198	4.56
chr12	88545198	88545223	4
chr12	88545223	88545248	3.88
chr12	88545248	88545298	3
chr12	88545298	88545323	0.96
chr12	88546998	88547023	2.6
chr12	88547023	88547173	3
chr12	88547173	88547198	2.08
chr12	88548848	88548873	0.32
chr12	88548873	88549048	1
chr12	88549048	88549073	0.24
chr12	88549948	88549973	0.08
chr12	88549973	88550148	1
chr12	88550148	88550173	0.48
chr12	88550323	88550348	0.76
chr12	88550348	88550498	1
chr12	88550498	88550523	0.8
chr12	88550523	88550548	0.48
chr12	88550548	88550723	1
chr12	88550723	88550748	0.08
chr12	88550748	88550773	1.36
chr12	88550773	88550923	2
chr12	88550923	88550948	1.76
chr12	88551448	88551473	0.68
chr12	88551473	88551623	1
chr12	88551623	88551648	1.4
chr12	88551648	88551823	1
chr12	88551823	88551848	1.04
chr12	88551848	88551898	1
chr12	88551898	88551923	1.6
chr12	88551923	88551948	2.52
chr12	88551948	88551998	3
chr12	88551998	88552023	2.56
chr12	88552023	88552073	2
chr12	88552073	88552098	1.96
chr12	88552098	88552123	1
chr12	88552123	88552148	0.04
chr12	88553273	88553298	0.72
chr12	88553298	88553448	1
chr12	88553448	88553473	0.84
chr12	88553823	88553848	0.84
chr12	88553848	88553998	1
chr12	88553998	88554023	0.72
chr12	88554023	88554048	0.6
chr12	88554048	88554198	1
chr12	88554198	88554223	0.96
chr12	88554448	88554473	0.96
chr12	88554473	88554523	3
chr12	88554523	88554548	3.48
chr12	88554548	88554573	4.84
chr12	88554573	88554648	5
chr12	88554648	88554673	2.72
chr12	88554673	88554723	2
chr12	88554723	88554773	0.8
chr12	88554773	88554848	1
chr12	88554848	88554873	2.04
chr12	88554873	88554923	3
chr12	88554923	88554948	2.76
chr12	88554948	88555023	2
chr12	88555023	88555048	1.64
chr12	88555048	88555073	0.44
chr12	88555323	88555348	0.96
chr12	88555348	88555498	1
chr12	88555498	88555523	0.6
chr12	88555823	88555848	0.2
chr12	88555848	88556023	1
chr12	88556023	88556048	0.36
chr12	88556473	88556498	0.16
chr12	88556498	88556523	1
chr12	88556523	88556548	1.76
chr12	88556548	88556598	2
chr12	88556598	88556623	2.24
chr12	88556623	88556648	4.92
chr12	88556648	88556673	5
chr12	88556673	88556698	4.4
chr12	88556698	88556723	3.8
chr12	88556723	88556798	3
chr12	88556798	88556823	1.52
chr12	88558398	88558423	1
chr12	88558423	88558448	2.8
chr12	88558448	88558573	4
chr12	88558573	88558598	3.8
chr12	88558598	88558623	2.32
chr12	88558623	88558648	0.32
chr12	88559448	88559473	0.56
chr12	88559473	88559648	1
chr12	88559773	88559798	1.56
chr12	88559798	88559973	3
chr12	88559973	88559998	0.12
chr12	88560248	88560273	0.24
chr12	88560273	88560448	1
chr12	88560448	88560473	0.32
chr12	88560673	88560698	0.76
chr12	88560698	88560848	1
chr12	88560848	88560873	0.8
chr12	88561023	88561048	0.12
chr12	88561048	88561123	1
chr12	88561123	88561148	1.44
chr12	88561148	88561173	2
chr12	88561173	88561198	2.4
chr12	88561198	88561223	5.68
chr12	88561223	88561248	5.44
chr12	88561248	88561323	5
chr12	88561323	88561348	4.12
chr12	88561348	88561373	4
chr12	88561373	88561398	2.16
chr12	88561473	88561498	0.04
chr12	88561498	88561523	1
chr12	88561523	88561548	1.6
chr12	88561548	88561673	2
chr12	88561673	88561698	1.56
chr12	88561698	88561723	1.96
chr12	88561723	88561873	1
chr12	88561873	88561898	0.52
chr12	88562123	88562148	0.16
chr12	88562148	88562323	1
chr12	88562323	88562348	0.4
chr12	88562573	88562598	0.44
chr12	88562598	88562773	1
chr12	88562773	88562798	0.12
chr12	88562798	88562823	0.16
chr12	88562823	88562998	1
chr12	88562998	88563023	0.4
chr12	88563198	88563223	0.88
chr12	88563223	88563373	2
chr12	88563373	88563398	2.04
chr12	88563398	88563423	1.4
chr12	88563423	88563573	1
chr12	88563573	88563598	0.36
chr12	88563948	88563973	0.48
chr12	88563973	88564148	1
chr12	88564148	88564173	0.08
chr12	88564623	88564648	0.12
chr12	88564648	88564823	1
chr12	88564823	88564848	0.44
chr12	88565748	88565773	0.32
chr12	88565773	88565948	1
chr12	88565948	88565973	0.24
chr12	88566448	88566473	0.96
chr12	88566473	88566623	1
chr12	88566623	88566648	0.6
chr12	88566798	88566823	1.2
chr12	88566823	88566998	3
chr12	88566998	88567023	0.48
chr12	88567048	88567073	0.24
chr12	88567073	88567248	2
chr12	88567248	88567273	0.88
chr12	88567748	88567773	0.96
chr12	88567773	88567923	1
chr12	88567923	88567948	0.6
chr12	88569073	88569098	0.84
chr12	88569098	88569248	1
chr12	88569248	88569273	0.72
chr12	88569623	88569648	0.48
chr12	88569648	88569723	2
chr12	88569723	88569748	2.16
chr12	88569748	88569823	3
chr12	88569823	88569848	1.64
chr12	88569848	88569923	1
chr12	88569923	88569948	0.4
chr12	88570098	88570123	0.6
chr12	88570123	88570173	1
chr12	88570173	88570198	3.28
chr12	88570198	88570248	4
chr12	88570248	88570273	5.52
chr12	88570273	88570298	6.68
chr12	88570298	88570323	6
chr12	88570323	88570348	6.12
chr12	88570348	88570373	6.4
chr12	88570373	88570423	4
chr12	88570423	88570448	3.6
chr12	88570448	88570473	1.84
chr12	88570473	88570498	1
chr12	88570498	88570523	1.12
chr12	88570523	88570548	1.44
chr12	88570548	88570698	1
chr12	88570698	88570723	0.44
chr12	88570973	88570998	1.12
chr12	88570998	88571173	2
chr12	88571798	88571823	0.52
chr12	88571823	88571973	1
chr12	88571973	88571998	1.12
chr12	88571998	88572023	1.04
chr12	88572023	88572173	1
chr12	88572173	88572198	0.44
chr12	88572248	88572273	0.4
chr12	88572273	88572448	1
chr12	88572448	88572473	0.16
chr12	88573173	88573198	0.2
chr12	88573198	88573373	1
chr12	88573373	88573398	0.36
chr12	88573698	88573723	0.6
chr12	88573723	88573873	1
chr12	88573873	88573898	0.96
chr12	88574098	88574123	0.96
chr12	88574123	88574273	1
chr12	88574273	88574298	0.6
chr12	88574323	88574348	0.6
chr12	88574348	88574423	1
chr12	88574423	88574448	1.28
chr12	88574448	88574498	2
chr12	88574498	88574523	1.96
chr12	88574523	88574598	1
chr12	88574598	88574623	1.92
chr12	88574623	88574648	1.28
chr12	88574648	88574773	1
chr12	88574773	88574798	0.64
chr12	88575123	88575148	0.48
chr12	88575148	88575323	1
chr12	88575323	88575348	0.08
chr12	88576298	88576323	0.96
chr12	88576323	88576473	2
chr12	88576473	88576498	1.92
chr12	88576498	88576523	0.24
chr12	88576698	88576723	0.36
chr12	88576723	88576898	3
chr12	88576898	88576923	1.32
chr12	88577323	88577348	1.32
chr12	88577348	88577373	2.28
chr12	88577373	88577498	3
chr12	88577498	88577523	2.68
chr12	88577523	88577548	1.12
chr12	88577548	88577573	0.28
chr12	88577673	88577698	0.6
chr12	88577698	88577848	2
chr12	88577848	88577873	1.96
chr12	88577873	88577898	0.56
chr12	88578198	88578223	0.96
chr12	88578223	88578398	2
chr12	88578398	88578423	0.16
chr12	88578523	88578548	0.32
chr12	88578548	88578648	1
chr12	88578648	88578673	1.16
chr12	88578673	88578723	2
chr12	88578723	88578748	1.24
chr12	88578748	88578848	1
chr12	88578848	88578873	0.4
chr12	88578923	88578948	0.64
chr12	88578948	88579098	1
chr12	88579098	88579123	0.92
chr12	88579798	88579823	0.08
chr12	88579823	88579898	1
chr12	88579898	88579923	1.88
chr12	88579923	88579998	2
chr12	88579998	88580023	1.48
chr12	88580023	88580073	1
chr12	88580073	88580098	0.68
chr12	88580348	88580373	0.64
chr12	88580373	88580523	1
#bedGraph section chr12:88433673-88598173
chr12	88493698	88493723	0.04
chr12	88493723	88493748	1.76
chr12	88493748	88493898	2
chr12	88493898	88493923	1.32
chr12	88494698	88494723	0.84
chr12	88494723	88494873	1
chr12	88494873	88494898	0.72
chr12	88494898	88494923	0.76
chr12	88494923	88495073	1
chr12	88495073	88495098	0.8
chr12	88496323	88496348	0.04
chr12	88496348	88496523	1
chr12	88496523	88496548	0.52
chr12	88496673	88496698	0.68
chr12	88496698	88496748	1
chr12	88496748	88496773	1.48
chr12	88496773	88496848	4
chr12	88496848	88496873	3.88
chr12	88496873	88496948	3
chr12	88496948	88496973	1.2
chr12	88497098	88497123	0.76
chr12	88497123	88497173	1
chr12	88497173	88497198	1.72
chr12	88497198	88497273	2
chr12	88497273	88497298	1.8
chr12	88497298	88497348	1
chr12	88497348	88497373	2.52
chr12	88497373	88497523	2
chr12	88497523	88497548	1.44
chr12	88497648	88497673	0.88
chr12	88497673	88497823	1
chr12	88497823	88497848	0.68
chr12	88497873	88497898	0.2
chr12	88497898	88498073	1
chr12	88498073	88498098	1.88
chr12	88498098	88498248	2
chr12	88498248	88498273	1.6
chr12	88498498	88498523	0.12
chr12	88498523	88498698	1
chr12	88498698	88498723	0.44
chr12	88499498	88499523	1.68
chr12	88499523	88499673	2
chr12	88499673	88499698	1.44
chr12	88500198	88500373	1
chr12	88500373	88500398	0.56
chr12	88500898	88500923	0.64
chr12	88500923	88501023	1
chr12	88501023	88501048	1.48
chr12	88501048	88501073	2
chr12	88501073	88501098	1.92
chr12	88501098	88501223	1
chr12	88501223	88501248	0.08
chr12	88501498	88501523	0.72
chr12	88501523	88501673	1
chr12	88501673	88501698	0.84
chr12	88502398	88502423	0.4
chr12	88502423	88502598	1
chr12	88502598	88502623	0.16
chr12	88502873	88502898	0.44
chr12	88502898	88502923	1
chr12	88502923	88502948	1.12
chr12	88502948	88503073	2
chr12	88503073	88503098	1.12
chr12	88503098	88503123	1
chr12	88503123	88503148	0.44
chr12	88503423	88503448	0.24
chr12	88503448	88503598	2
chr12	88503598	88503623	2.92
chr12	88503623	88503648	1.88
chr12	88503648	88503673	2.52
chr12	88503673	88503698	3
chr12	88503698	88503723	3.56
chr12	88503723	88503773	4
chr12	88503773	88503798	3.64
chr12	88503798	88503823	3
chr12	88503823	88503848	2.6
chr12	88503848	88503898	1
chr12	88505223	88505248	1.36
chr12	88505248	88505398	2
chr12	88505398	88505423	1.76
chr12	88505473	88505648	1
chr12	88505648	88505673	0.56
chr12	88506048	88506073	1.36
chr12	88506073	88506098	2.72
chr12	88506098	88506198	3
chr12	88506198	88506223	3.28
chr12	88506223	88506248	3.76
chr12	88506248	88506273	1.84
chr12	88506273	88506298	1
chr12	88506298	88506323	3
chr12	88506323	88506398	6
chr12	88506398	88506423	5.28
chr12	88506423	88506498	5
chr12	88506498	88506523	0.8
chr12	88506923	88506948	0.84
chr12	88506948	88507098	1
chr12	88507098	88507123	1.36
chr12	88507123	88507273	1
chr12	88507273	88507298	0.92
chr12	88507573	88507598	0.52
chr12	88507598	88507773	1
chr12	88507773	88507798	0.04
chr12	88508473	88508498	0.4
chr12	88508498	88508673	1
chr12	88508673	88508698	0.16
chr12	88509598	88509623	0.2
chr12	88509623	88509798	1
chr12	88509798	88509823	0.36
chr12	88511273	88511298	0.4
chr12	88511298	88511323	1.16
chr12	88511323	88511473	3
chr12	88511473	88511498	2.16
chr12	88511498	88511523	0.96
chr12	88514673	88514698	1.6
chr12	88514698	88514848	2
chr12	88514848	88514873	1.52
chr12	88515248	88515273	0.32
chr12	88515273	88515448	2
chr12	88515448	88515473	0.8
chr12	88515498	88515523	0.92
chr12	88515523	88515673	2
chr12	88515673	88515698	1.64
chr12	88515698	88515723	0.56
chr12	88515998	88516023	0.08
chr12	88516023	88516198	1
chr12	88516198	88516223	0.48
chr12	88517448	88517473	0.48
chr12	88517473	88517648	1
chr12	88517648	88517673	0.08
chr12	88518473	88518498	0.4
chr12	88518498	88518598	2
chr12	88518598	88518623	3.44
chr12	88518623	88518673	4
chr12	88518673	88518698	2.72
chr12	88518698	88518773	2
chr12	88518773	88518798	1.68
chr12	88519623	88519648	0.52
chr12	88519648	88519823	1
chr12	88519823	88519848	0.04
chr12	88519873	88519898	0.04
chr12	88519898	88520073	1
chr12	88520073	88520098	0.52
chr12	88520423	88520448	0.4
chr12	88520448	88520623	1
chr12	88520623	88520648	0.16
chr12	88521898	88521923	0.44
chr12	88521923	88522098	1
chr12	88522098	88522123	0.12
chr12	88522573	88522598	0.36
chr12	88522598	88522723	1
chr12	88522723	88522748	1.76
chr12	88522748	88522773	2
chr12	88522773	88522798	1.2
chr12	88522798	88522898	1
chr12	88522898	88522923	0.8
chr12	88522948	88522973	0.44
chr12	88522973	88523148	1
chr12	88523148	88523173	0.12
chr12	88525423	88525448	0.88
chr12	88525448	88525623	2
chr12	88525623	88525648	0.24
chr12	88525848	88525873	0.6
chr12	88525873	88525923	1
chr12	88525923	88525948	1.32
chr12	88525948	88526023	2
chr12	88526023	88526048	1.96
chr12	88526048	88526123	1
chr12	88526123	88526148	0.24
chr12	88527873	88527898	0.36
chr12	88527898	88528073	1
chr12	88528073	88528098	1.44
chr12	88528098	88528248	2
chr12	88528248	88528273	1.56
chr12	88528273	88528298	0.32
chr12	88529073	88529098	1.12
chr12	88529098	88529273	2
chr12	88531173	88531198	1.2
chr12	88531198	88531348	2
chr12	88531348	88531373	1.56
chr12	88531373	88531398	0.36
chr12	88531548	88531573	0.64
chr12	88531573	88531748	2
chr12	88531748	88531773	0.48
chr12	88532048	88532073	0.96
chr12	88532073	88532223	1
chr12	88532223	88532248	0.6
chr12	88532873	88532898	0.16
chr12	88532898	88533073	2
chr12	88533073	88533098	0.96
chr12	88533848	88533873	0.36
chr12	88533873	88534048	1
chr12	88534048	88534073	0.2
chr12	88534073	88534098	0.48
chr12	88534098	88534273	1
chr12	88534273	88534298	0.08
chr12	88534373	88534398	0.4
chr12	88534398	88534573	1
chr12	88534573	88534598	0.16
chr12	88534648	88534673	0.08
chr12	88534673	88534848	1
chr12	88534848	88534873	0.48
chr12	88535323	88535348	0.32
chr12	88535348	88535423	1
chr12	88535423	88535448	1.88
chr12	88535448	88535523	2
chr12	88535523	88535548	1.24
chr12	88535548	88535598	1
chr12	88535598	88535623	0.68
chr12	88536273	88536298	0.8
chr12	88536298	88536448	1
chr12	88536448	88536473	0.76
chr12	88536973	88536998	0.52
chr12	88536998	88537173	1
chr12	88537173	88537198	0.04
chr12	88538073	88538098	0.84
chr12	88538098	88538248	1
chr12	88538248	88538273	1.08
chr12	88538273	88538448	1
chr12	88538448	88538473	0.2
chr12	88538723	88538748	0.8
chr12	88538748	88538923	2
chr12	88538923	88538948	0.32
chr12	88539373	88539398	0.4
chr12	88539398	88539448	2
chr12	88539448	88539473	2.4
chr12	88539473	88539573	3
chr12	88539573	88539598	1.72
chr12	88539598	88539648	1
chr12	88539648	88539673	0.16
chr12	88540923	88540948	0.44
chr12	88540948	88541123	1
chr12	88541123	88541148	0.12
chr12	88541373	88541398	0.28
chr12	88541398	88541573	1
chr12	88541573	88541598	0.28
chr12	88542123	88542148	1.84
chr12	88542148	88542298	2
chr12	88542298	88542323	1.28
chr12	88542848	88542873	0.28
chr12	88542873	88543048	1
chr12	88543048	88543073	0.28
chr12	88543198	88543223	0.08
chr12	88543223	88543398	1
chr12	88543398	88543423	0.48
chr12	88544273	88544298	0.4
chr12	88544298	88544473	1
chr12	88544473	88544498	0.16
chr12	88544973	88544998	0.56
chr12	88544998	88545048	2
chr12	88545048	88545073	2.68
chr12	88545073	88545098	3
chr12	88545098	88545123	3.72
chr12	88545123	88545173	6
chr12	88545173	88545198	4.56
chr12	88545198	88545223	4
chr12	88545223	88545248	3.88
chr12	88545248	88545298	3
chr12	88545298	88545323	0.96
chr12	88546998	88547023	2.6
chr12	88547023	88547173	3
chr12	88547173	88547198	2.08
chr12	88548848	88548873	0.32
chr12	88548873	88549048	1
chr12	88549048	88549073	0.24
chr12	88549948	88549973	0.08
chr12	88549973	88550148	1
chr12	88550148	88550173	0.48
chr12	88550323	88550348	0.76
chr12	88550348	88550498	1
chr12	88550498	88550523	0.8
chr12	88550523	88550548	0.48
chr12	88550548	88550723	1
chr12	88550723	88550748	0.08
chr12	88550748	88550773	1.36
chr12	88550773	88550923	2
chr12	88550923	88550948	1.76
chr12	88551448	88551473	0.68
chr12	88551473	88551623	1
chr12	88551623	88551648	1.4
chr12	88551648	88551823	1
chr12	88551823	88551848	1.04
chr12	88551848	88551898	1
chr12	88551898	88551923	1.6
chr12	88551923	88551948	2.52
chr12	88551948	88551998	3
chr12	88551998	88552023	2.56
chr12	88552023	88552073	2
chr12	88552073	88552098	1.96
chr12	88552098	88552123	1
chr12	88552123	88552148	0.04
chr12	88553273	88553298	0.72
chr12	88553298	88553448	1
chr12	88553448	88553473	0.84
chr12	88553823	88553848	0.84
chr12	88553848	88553998	1
chr12	88553998	88554023	0.72
chr12	88554023	88554048	0.6
chr12	88554048	88554198	1
chr12	88554198	88554223	0.96
chr12	88554448	88554473	0.96
chr12	88554473	88554523	3
chr12	88554523	88554548	3.48
chr12	88554548	88554573	4.84
chr12	88554573	88554648	5
chr12	88554648	88554673	2.72
chr12	88554673	88554723	2
chr12	88554723	88554773	0.8
chr12	88554773	88554848	1
chr12	88554848	88554873	2.04
chr12	88554873	88554923	3
chr12	88554923	88554948	2.76
chr12	88554948	88555023	2
chr12	88555023	88555048	1.64
chr12	88555048	88555073	0.44
chr12	88555323	88555348	0.96
chr12	88555348	88555498	1
chr12	88555498	88555523	0.6
chr12	88555823	88555848	0.2
chr12	88555848	88556023	1
chr12	88556023	88556048	0.36
chr12	88556473	88556498	0.16
chr12	88556498	88556523	1
chr12	88556523	88556548	1.76
chr12	88556548	88556598	2
chr12	88556598	88556623	2.24
chr12	88556623	88556648	4.92
chr12	88556648	88556673	5
chr12	88556673	88556698	4.4
chr12	88556698	88556723	3.8
chr12	88556723	88556798	3
chr12	88556798	88556823	1.52
chr12	88558398	88558423	1
chr12	88558423	88558448	2.8
chr12	88558448	88558573	4
chr12	88558573	88558598	3.8
chr12	88558598	88558623	2.32
chr12	88558623	88558648	0.32
chr12	88559448	88559473	0.56
chr12	88559473	88559648	1
chr12	88559773	88559798	1.56
chr12	88559798	88559973	3
chr12	88559973	88559998	0.12
chr12	88560248	88560273	0.24
chr12	88560273	88560448	1
chr12	88560448	88560473	0.32
chr12	88560673	88560698	0.76
chr12	88560698	88560848	1
chr12	88560848	88560873	0.8
chr12	88561023	88561048	0.12
chr12	88561048	88561123	1
chr12	88561123	88561148	1.44
chr12	88561148	88561173	2
chr12	88561173	88561198	2.4
chr12	88561198	88561223	5.68
chr12	88561223	88561248	5.44
chr12	88561248	88561323	5
chr12	88561323	88561348	4.12
chr12	88561348	88561373	4
chr12	88561373	88561398	2.16
chr12	88561473	88561498	0.04
chr12	88561498	88561523	1
chr12	88561523	88561548	1.6
chr12	88561548	88561673	2
chr12	88561673	88561698	1.56
chr12	88561698	88561723	1.96
chr12	88561723	88561873	1
chr12	88561873	88561898	0.52
chr12	88562123	88562148	0.16
chr12	88562148	88562323	1
chr12	88562323	88562348	0.4
chr12	88562573	88562598	0.44
chr12	88562598	88562773	1
chr12	88562773	88562798	0.12
chr12	88562798	88562823	0.16
chr12	88562823	88562998	1
chr12	88562998	88563023	0.4
chr12	88563198	88563223	0.88
chr12	88563223	88563373	2
chr12	88563373	88563398	2.04
chr12	88563398	88563423	1.4
chr12	88563423	88563573	1
chr12	88563573	88563598	0.36
chr12	88563948	88563973	0.48
chr12	88563973	88564148	1
chr12	88564148	88564173	0.08
chr12	88564623	88564648	0.12
chr12	88564648	88564823	1
chr12	88564823	88564848	0.44
chr12	88565748	88565773	0.32
chr12	88565773	88565948	1
chr12	88565948	88565973	0.24
chr12	88566448	88566473	0.96
chr12	88566473	88566623	1
chr12	88566623	88566648	0.6
chr12	88566798	88566823	1.2
chr12	88566823	88566998	3
chr12	88566998	88567023	0.48
chr12	88567048	88567073	0.24
chr12	88567073	88567248	2
chr12	88567248	88567273	0.88
chr12	88567748	88567773	0.96
chr12	88567773	88567923	1
chr12	88567923	88567948	0.6
chr12	88569073	88569098	0.84
chr12	88569098	88569248	1
chr12	88569248	88569273	0.72
chr12	88569623	88569648	0.48
chr12	88569648	88569723	2
chr12	88569723	88569748	2.16
chr12	88569748	88569823	3
chr12	88569823	88569848	1.64
chr12	88569848	88569923	1
chr12	88569923	88569948	0.4
chr12	88570098	88570123	0.6
chr12	88570123	88570173	1
chr12	88570173	88570198	3.28
chr12	88570198	88570248	4
chr12	88570248	88570273	5.52
chr12	88570273	88570298	6.68
chr12	88570298	88570323	6
chr12	88570323	88570348	6.12
chr12	88570348	88570373	6.4
chr12	88570373	88570423	4
chr12	88570423	88570448	3.6
chr12	88570448	88570473	1.84
chr12	88570473	88570498	1
chr12	88570498	88570523	1.12
chr12	88570523	88570548	1.44
chr12	88570548	88570698	1
chr12	88570698	88570723	0.44
chr12	88570973	88570998	1.12
chr12	88570998	88571173	2
chr12	88571798	88571823	0.52
chr12	88571823	88571973	1
chr12	88571973	88571998	1.12
chr12	88571998	88572023	1.04
chr12	88572023	88572173	1
chr12	88572173	88572198	0.44
chr12	88572248	88572273	0.4
chr12	88572273	88572448	1
chr12	88572448	88572473	0.16
chr12	88573173	88573198	0.2
chr12	88573198	88573373	1
chr12	88573373	88573398	0.36
chr12	88573698	88573723	0.6
chr12	88573723	88573873	1
chr12	88573873	88573898	0.96
chr12	88574098	88574123	0.96
chr12	88574123	88574273	1
chr12	88574273	88574298	0.6
chr12	88574323	88574348	0.6
chr12	88574348	88574423	1
chr12	88574423	88574448	1.28
chr12	88574448	88574498	2
chr12	88574498	88574523	1.96
chr12	88574523	88574598	1
chr12	88574598	88574623	1.92
chr12	88574623	88574648	1.28
chr12	88574648	88574773	1
chr12	88574773	88574798	0.64
chr12	88575123	88575148	0.48
chr12	88575148	88575323	1
chr12	88575323	88575348	0.08
chr12	88576298	88576323	0.96
chr12	88576323	88576473	2
chr12	88576473	88576498	1.92
chr12	88576498	88576523	0.24
chr12	88576698	88576723	0.36
chr12	88576723	88576898	3
chr12	88576898	88576923	1.32
chr12	88577323	88577348	1.32
chr12	88577348	88577373	2.28
chr12	88577373	88577498	3
chr12	88577498	88577523	2.68
chr12	88577523	88577548	1.12
chr12	88577548	88577573	0.28
chr12	88577673	88577698	0.6
chr12	88577698	88577848	2
chr12	88577848	88577873	1.96
chr12	88577873	88577898	0.56
chr12	88578198	88578223	0.96
chr12	88578223	88578398	2
chr12	88578398	88578423	0.16
chr12	88578523	88578548	0.32
chr12	88578548	88578648	1
chr12	88578648	88578673	1.16
chr12	88578673	88578723	2
chr12	88578723	88578748	1.24
chr12	88578748	88578848	1
chr12	88578848	88578873	0.4
chr12	88578923	88578948	0.64
chr12	88578948	88579098	1
chr12	88579098	88579123	0.92
chr12	88579798	88579823	0.08
chr12	88579823	88579898	1
chr12	88579898	88579923	1.88
chr12	88579923	88579998	2
chr12	88579998	88580023	1.48
chr12	88580023	88580073	1
chr12	88580073	88580098	0.68
chr12	88580348	88580373	0.64
chr12	88580373	88580523	1
