track type=wiggle_0 name="H1-hESC" description="H3K4Me1 Mark (Often Found Near Regulatory Elements) on H1-hESC Cells from ENCODE"
#bedGraph section chr12:25154266-25233291
chr12	25205166	25205266	1
chr12	25205266	25205291	1.24
chr12	25205291	25205316	2.16
chr12	25205316	25205341	3
chr12	25205341	25205366	2.32
chr12	25205366	25205391	2
chr12	25205391	25205416	2.24
chr12	25205416	25205441	3
chr12	25205441	25205466	3.04
chr12	25205466	25205491	3.76
chr12	25205491	25205516	2.84
chr12	25205516	25205541	2.16
chr12	25205541	25205591	3
chr12	25205591	25205616	2.84
chr12	25205616	25205641	3.12
chr12	25205641	25205666	3.96
chr12	25205666	25205716	3
chr12	25205716	25205741	2.84
chr12	25205741	25205791	2
chr12	25205791	25205816	1.92
chr12	25205816	25205841	0.88
chr12	25205866	25205891	0.32
chr12	25205891	25206066	1
chr12	25206066	25206091	0.68
chr12	25206641	25206666	0.88
chr12	25206666	25206766	1
chr12	25206766	25206791	1.32
chr12	25206791	25206841	2
chr12	25206841	25206866	1.12
chr12	25206866	25206891	1.84
chr12	25206891	25206966	2
chr12	25206966	25206991	1.68
chr12	25206991	25207016	2.28
chr12	25207016	25207066	4
chr12	25207066	25207091	3.16
chr12	25207091	25207191	3
chr12	25207191	25207216	2.56
chr12	25207216	25207391	1
chr12	25207391	25207416	0.16
chr12	25207866	25207891	0.72
chr12	25207891	25208066	1
chr12	25208066	25208091	0.28
chr12	25208091	25208116	0.04
chr12	25208116	25208141	1
chr12	25208141	25208166	1.76
chr12	25208166	25208291	2
chr12	25208291	25208316	1.96
chr12	25208316	25208341	1
chr12	25208341	25208366	1.04
chr12	25208366	25208541	1
chr12	25208541	25208566	0.2
chr12	25208766	25208791	0.48
chr12	25208791	25208816	1.36
chr12	25208816	25208891	2
chr12	25208891	25208916	2.96
chr12	25208916	25208966	3
chr12	25208966	25208991	2.52
chr12	25208991	25209016	1.64
chr12	25209016	25209091	1
chr12	25209091	25209116	0.04
chr12	25209166	25209191	0.2
chr12	25209191	25209266	1
chr12	25209266	25209291	1.32
chr12	25209291	25209316	2
chr12	25209316	25209341	2.88
chr12	25209341	25209366	3
chr12	25209366	25209391	2.8
chr12	25209391	25209466	2
chr12	25209466	25209491	1.68
chr12	25209491	25209516	1
chr12	25209516	25209541	0.12
chr12	25209816	25209841	0.88
chr12	25209841	25209866	1
chr12	25209866	25209891	1.88
chr12	25209891	25210016	2
chr12	25210016	25210041	1.12
chr12	25210041	25210066	1
chr12	25210066	25210091	0.12
chr12	25210441	25210466	0.76
chr12	25210466	25210491	1.24
chr12	25210491	25210516	2
chr12	25210516	25210541	2.04
chr12	25210541	25210641	3
chr12	25210641	25210666	3.24
chr12	25210666	25210691	2.76
chr12	25210691	25210716	2
chr12	25210716	25210741	1.96
chr12	25210741	25210841	1
chr12	25211091	25211116	0.32
chr12	25211116	25211141	1.88
chr12	25211141	25211216	2
chr12	25211216	25211241	2.56
chr12	25211241	25211266	3.24
chr12	25211266	25211291	4.48
chr12	25211291	25211316	5.68
chr12	25211316	25211341	5.6
chr12	25211341	25211416	6
chr12	25211416	25211441	5.44
chr12	25211441	25211466	4.76
chr12	25211466	25211491	3.52
chr12	25211491	25211516	2
chr12	25211516	25211541	0.52
chr12	25211766	25211791	0.92
chr12	25211791	25211816	1
chr12	25211816	25211841	1.76
chr12	25211841	25211866	2.2
chr12	25211866	25211966	3
chr12	25211966	25211991	2.4
chr12	25211991	25212016	3
chr12	25212016	25212041	2.24
chr12	25212041	25212066	1.8
chr12	25212066	25212166	1
chr12	25212166	25212191	0.68
chr12	25212241	25212266	0.08
chr12	25212266	25212441	1
chr12	25212441	25212466	0.92
chr12	25212566	25212591	0.56
chr12	25212591	25212766	1
chr12	25212766	25212791	0.44
chr12	25212841	25212866	0.96
chr12	25212866	25212891	1
chr12	25212891	25212916	2.2
chr12	25212916	25213041	3
chr12	25213041	25213066	2.04
chr12	25213066	25213091	2
chr12	25213091	25213116	0.8
chr12	25213816	25213841	0.44
chr12	25213841	25213941	1
chr12	25213941	25213966	1.76
chr12	25213966	25213991	2
chr12	25213991	25214016	2.4
chr12	25214016	25214041	2.56
chr12	25214041	25214141	2
chr12	25214141	25214166	1.24
chr12	25214166	25214191	1
chr12	25214191	25214216	0.6
chr12	25214641	25214666	0.48
chr12	25214666	25214841	1
chr12	25214841	25214866	0.52
chr12	25215441	25215466	0.36
chr12	25215466	25215516	1
chr12	25215516	25215541	1.32
chr12	25215541	25215641	2
chr12	25215641	25215666	1.64
chr12	25215666	25215716	1
chr12	25215716	25215741	0.68
chr12	25215941	25215966	0.12
chr12	25215966	25216141	1
chr12	25216141	25216166	0.88
chr12	25216541	25216566	0.56
chr12	25216566	25216591	1.8
chr12	25216591	25216616	3
chr12	25216616	25216641	3.88
chr12	25216641	25216741	4
chr12	25216741	25216766	3.44
chr12	25216766	25216791	2.2
chr12	25216791	25216816	1
chr12	25216816	25216841	0.12
chr12	25216991	25217016	0.08
chr12	25217016	25217041	1.6
chr12	25217041	25217066	2.96
chr12	25217066	25217141	3
chr12	25217141	25217166	3.44
chr12	25217166	25217191	5
chr12	25217191	25217216	4.92
chr12	25217216	25217241	3.4
chr12	25217241	25217266	2.04
chr12	25217266	25217341	2
chr12	25217341	25217366	1.56
chr12	25217691	25217716	1.96
chr12	25217716	25217741	3
chr12	25217741	25217766	3.24
chr12	25217766	25217891	4
chr12	25217891	25217916	2.04
chr12	25217916	25217941	1
chr12	25217941	25217966	0.76
chr12	25218141	25218166	0.04
chr12	25218166	25218291	1
chr12	25218291	25218316	1.84
chr12	25218316	25218341	2
chr12	25218341	25218366	1.96
chr12	25218366	25218491	1
chr12	25218491	25218516	0.16
chr12	25218666	25218691	0.12
chr12	25218691	25218866	1
chr12	25218866	25218891	0.88
chr12	25219066	25219091	0.52
chr12	25219091	25219266	1
chr12	25219266	25219291	0.48
chr12	25219466	25219491	0.84
chr12	25219491	25219641	1
chr12	25219641	25219666	3
chr12	25219666	25219691	3.16
chr12	25219691	25219841	3
chr12	25219841	25219866	1
chr12	25220116	25220141	0.12
chr12	25220141	25220216	1
chr12	25220216	25220241	1.72
chr12	25220241	25220291	2
chr12	25220291	25220316	2.76
chr12	25220316	25220341	2.88
chr12	25220341	25220366	2.28
chr12	25220366	25220391	3.92
chr12	25220391	25220416	4
chr12	25220416	25220441	3.28
chr12	25220441	25220491	3
chr12	25220491	25220516	2.24
chr12	25220516	25220541	2
chr12	25220541	25220566	2.04
chr12	25220566	25220591	1.08
chr12	25220591	25220741	1
chr12	25220741	25220766	0.68
chr12	25221091	25221116	0.36
chr12	25221116	25221241	1
chr12	25221241	25221266	2.2
chr12	25221266	25221291	3.6
chr12	25221291	25221316	3.64
chr12	25221316	25221441	3
chr12	25221441	25221466	1.8
chr12	25221466	25221491	0.4
chr12	25221566	25221591	0.08
chr12	25221591	25221641	1
chr12	25221641	25221666	1.96
chr12	25221666	25221766	2
chr12	25221766	25221791	1.92
chr12	25221791	25221841	1
chr12	25221841	25221866	0.04
chr12	25222816	25222841	0.44
chr12	25222841	25223016	1
chr12	25223016	25223041	0.56
chr12	25223441	25223466	0.24
chr12	25223466	25223641	2
chr12	25223641	25223666	1.96
chr12	25223666	25223741	1
chr12	25223741	25223766	1.24
chr12	25223766	25223791	3.16
chr12	25223791	25223816	4
chr12	25223816	25223841	4.36
chr12	25223841	25223866	4.8
chr12	25223866	25223941	4
chr12	25223941	25223966	3.76
chr12	25223966	25223991	1.84
chr12	25223991	25224016	1
chr12	25224016	25224041	0.64
chr12	25224166	25224191	0.2
chr12	25224191	25224241	1
chr12	25224241	25224266	1.92
chr12	25224266	25224366	2
chr12	25224366	25224391	1.8
chr12	25224391	25224441	1
chr12	25224441	25224466	0.08
chr12	25225616	25225641	0.56
chr12	25225641	25225716	1
chr12	25225716	25225741	1.68
chr12	25225741	25225766	2
chr12	25225766	25225791	2.12
chr12	25225791	25225816	3
chr12	25225816	25225841	2.44
chr12	25225841	25225866	2
chr12	25225866	25225916	3
chr12	25225916	25225941	2.32
chr12	25225941	25225966	2
chr12	25225966	25225991	1.88
chr12	25225991	25226066	1
chr12	25227391	25227416	0.8
chr12	25227416	25227591	1
chr12	25227591	25227616	0.2
chr12	25227616	25227641	0.36
chr12	25227641	25227666	1.6
chr12	25227666	25227691	2.92
chr12	25227691	25227741	3
chr12	25227741	25227816	5
chr12	25227816	25227841	4.64
chr12	25227841	25227866	3.4
chr12	25227866	25227891	2.08
chr12	25227891	25227916	2.28
chr12	25227916	25227941	3
chr12	25227941	25228041	1
chr12	25228041	25228066	1.92
chr12	25228066	25228091	2
chr12	25228091	25228116	1.72
chr12	25228116	25228141	1.64
chr12	25228141	25228241	2
chr12	25228241	25228266	1.08
chr12	25228266	25228316	1
chr12	25228316	25228341	0.36
chr12	25228516	25228541	0.24
chr12	25228541	25228641	1
chr12	25228641	25228666	1.48
chr12	25228666	25228716	2
chr12	25228716	25228741	2.36
chr12	25228741	25228766	2.6
chr12	25228766	25228841	3
chr12	25228841	25228866	2.52
chr12	25228866	25228916	2
chr12	25228916	25228941	1.4
chr12	25228941	25228966	0.4
chr12	25229666	25229691	0.76
chr12	25229691	25229716	1.48
chr12	25229716	25229741	2.64
chr12	25229741	25229866	3
chr12	25229866	25229891	2.24
chr12	25229891	25229916	1.52
chr12	25229916	25229941	0.36
chr12	25229991	25230016	0.2
chr12	25230016	25230191	1
chr12	25230191	25230216	0.8
chr12	25230266	25230291	0.6
chr12	25230291	25230466	1
chr12	25230466	25230491	1.2
chr12	25230491	25230641	1
chr12	25230641	25230666	1.84
chr12	25230666	25230691	1.2
chr12	25230691	25230841	1
chr12	25230841	25230866	0.16
chr12	25231041	25231066	0.04
chr12	25231066	25231241	1
chr12	25231241	25231266	0.96
chr12	25231266	25231291	0.8
chr12	25231291	25231316	1
chr12	25231316	25231341	1.72
chr12	25231341	25231366	2.12
chr12	25231366	25231416	3
chr12	25231416	25231441	3.72
chr12	25231441	25231466	4
chr12	25231466	25231491	3.72
chr12	25231491	25231516	4.64
chr12	25231516	25231541	5
chr12	25231541	25231566	4.88
chr12	25231566	25231616	4
chr12	25231616	25231641	3.28
chr12	25231641	25231666	3
chr12	25231666	25231691	2.48
chr12	25231691	25231716	1.88
chr12	25231716	25231741	1.28
chr12	25231741	25231891	1
chr12	25231891	25231916	0.48
chr12	25231966	25231991	0.56
chr12	25231991	25232091	1
chr12	25232091	25232116	1.4
chr12	25232116	25232166	2
chr12	25232166	25232191	1.44
chr12	25232191	25232291	1
chr12	25232291	25232316	0.6
chr12	25232491	25232516	0.8
chr12	25232516	25232691	1
chr12	25232691	25232716	0.68
chr12	25232716	25232741	1.36
chr12	25232741	25232841	2
chr12	25232841	25232866	2.2
chr12	25232866	25232891	3
chr12	25232891	25232916	2.52
chr12	25232916	25232941	1.64
chr12	25232941	25233016	1
chr12	25233016	25233041	2
chr12	25233041	25233066	2.44
chr12	25233066	25233091	2.12
chr12	25233091	25233116	3.96
chr12	25233116	25233141	4
chr12	25233141	25233166	4.56
chr12	25233166	25233191	5
chr12	25233191	25233216	5.16
chr12	25233216	25233241	5
chr12	25233241	25233266	4.36
chr12	25233266	25233291	3.88
#bedGraph section chr12:25233291-25289316
chr12	25233291	25233316	2.04
chr12	25233316	25233341	2
chr12	25233341	25233366	1.92
chr12	25233366	25233391	2
chr12	25233391	25233416	1.84
chr12	25233416	25233466	1
chr12	25233466	25233491	1.48
chr12	25233491	25233541	2
chr12	25233541	25233566	1.52
chr12	25233566	25233591	2.2
chr12	25233591	25233666	3
chr12	25233666	25233691	2.52
chr12	25233691	25233766	2
chr12	25233766	25233791	0.8
chr12	25233916	25233941	0.32
chr12	25233941	25233966	1.12
chr12	25233966	25234116	2
chr12	25234116	25234141	1.68
chr12	25234141	25234166	0.88
chr12	25234191	25234216	0.56
chr12	25234216	25234241	1
chr12	25234241	25234391	2
chr12	25234391	25234416	1.44
chr12	25234416	25234441	1
chr12	25234516	25234541	0.24
chr12	25234541	25234566	1.76
chr12	25234566	25234716	2
chr12	25234716	25234741	1.76
chr12	25234741	25234766	0.24
chr12	25234916	25234941	0.76
chr12	25234941	25235116	1
chr12	25235116	25235141	0.24
chr12	25235141	25235166	1.36
chr12	25235166	25235341	2
chr12	25235341	25235366	0.64
chr12	25235616	25235641	0.4
chr12	25235641	25235816	1
chr12	25235816	25235841	0.6
chr12	25236216	25236241	0.32
chr12	25236241	25236366	1
chr12	25236366	25236391	1.88
chr12	25236391	25236416	2
chr12	25236416	25236441	1.68
chr12	25236441	25236466	1
chr12	25236466	25236491	2.8
chr12	25236491	25236566	3
chr12	25236566	25236591	2.12
chr12	25236591	25236666	3
chr12	25236666	25236691	1.2
chr12	25236691	25236716	1.68
chr12	25236716	25236791	2
chr12	25236791	25236816	1.44
chr12	25236816	25236841	3.12
chr12	25236841	25236866	4.36
chr12	25236866	25236891	5
chr12	25236891	25236916	4.32
chr12	25236916	25236991	4
chr12	25236991	25237016	4.28
chr12	25237016	25237041	2.88
chr12	25237041	25237066	1.64
chr12	25237066	25237191	2
chr12	25237191	25237216	1.28
chr12	25237216	25237241	1
chr12	25237241	25237266	1.72
chr12	25237266	25237366	1
chr12	25237366	25237391	1.2
chr12	25237391	25237441	2
chr12	25237441	25237466	1.28
chr12	25237466	25237566	1
chr12	25237566	25237591	0.8
chr12	25237616	25237691	1
chr12	25237691	25237716	1.08
chr12	25237716	25237766	2
chr12	25237766	25237791	2.92
chr12	25237791	25237816	3
chr12	25237816	25237841	2.24
chr12	25237841	25237891	3
chr12	25237891	25237916	2.92
chr12	25237916	25237966	2
chr12	25237966	25237991	1.08
chr12	25237991	25238016	1
chr12	25238016	25238041	0.76
chr12	25238066	25238091	0.36
chr12	25238091	25238191	1
chr12	25238191	25238216	1.68
chr12	25238216	25238266	2
chr12	25238266	25238291	1.64
chr12	25238291	25238391	1
chr12	25238391	25238416	0.32
chr12	25238791	25238816	0.28
chr12	25238816	25238841	1.12
chr12	25238841	25238866	3.04
chr12	25238866	25238991	4
chr12	25238991	25239016	4.68
chr12	25239016	25239041	3.88
chr12	25239041	25239066	1.96
chr12	25239066	25239191	1
chr12	25239191	25239216	0.04
chr12	25239941	25239966	0.16
chr12	25239966	25240016	1
chr12	25240016	25240041	1.2
chr12	25240041	25240141	2
chr12	25240141	25240166	1.84
chr12	25240166	25240216	1
chr12	25240216	25240241	0.8
chr12	25240341	25240366	0.8
chr12	25240366	25240541	2
chr12	25240541	25240566	1.2
chr12	25240841	25240866	0.28
chr12	25240866	25240891	1.88
chr12	25240891	25240966	3
chr12	25240966	25240991	4.2
chr12	25240991	25241041	5
chr12	25241041	25241066	4.72
chr12	25241066	25241091	3.12
chr12	25241091	25241166	2
chr12	25241166	25241191	0.8
chr12	25241266	25241291	0.16
chr12	25241291	25241316	1
chr12	25241316	25241341	1.2
chr12	25241341	25241366	2.2
chr12	25241366	25241466	3
chr12	25241466	25241491	3.2
chr12	25241491	25241516	3
chr12	25241516	25241541	2.8
chr12	25241541	25241566	1.8
chr12	25241566	25241591	1.92
chr12	25241591	25241616	2.52
chr12	25241616	25241641	4.4
chr12	25241641	25241666	5
chr12	25241666	25241691	4.64
chr12	25241691	25241766	4
chr12	25241766	25241791	3.16
chr12	25241791	25241816	3.48
chr12	25241816	25241841	1.6
chr12	25241841	25241966	1
chr12	25241966	25241991	0.92
chr12	25242016	25242041	0.36
chr12	25242041	25242066	2.04
chr12	25242066	25242141	3
chr12	25242141	25242166	3.68
chr12	25242166	25242216	4
chr12	25242216	25242241	3.64
chr12	25242241	25242266	1.96
chr12	25242266	25242341	1
chr12	25242341	25242366	0.32
chr12	25242841	25242866	0.68
chr12	25242866	25243041	1
chr12	25243041	25243066	0.32
chr12	25243066	25243091	0.16
chr12	25243091	25243216	1
chr12	25243216	25243241	2.36
chr12	25243241	25243266	3.16
chr12	25243266	25243291	3.84
chr12	25243291	25243366	3
chr12	25243366	25243391	3.04
chr12	25243391	25243416	4
chr12	25243416	25243441	2.64
chr12	25243441	25243466	2.08
chr12	25243466	25243566	2
chr12	25243566	25243591	1.96
chr12	25243591	25243641	1
chr12	25243641	25243666	0.76
chr12	25243666	25243691	0.16
chr12	25243691	25243716	1
chr12	25243716	25243741	1.44
chr12	25243741	25243866	2
chr12	25243866	25243891	3.16
chr12	25243891	25243916	3
chr12	25243916	25243941	3.44
chr12	25243941	25243966	4.68
chr12	25243966	25243991	5
chr12	25243991	25244016	5.64
chr12	25244016	25244041	6.72
chr12	25244041	25244066	7
chr12	25244066	25244091	5.68
chr12	25244091	25244116	5
chr12	25244116	25244141	4.12
chr12	25244141	25244166	2.96
chr12	25244166	25244191	3.4
chr12	25244191	25244216	3.36
chr12	25244216	25244241	2.28
chr12	25244241	25244341	2
chr12	25244341	25244366	1.36
chr12	25244366	25244391	0.6
chr12	25244541	25244566	0.92
chr12	25244566	25244591	1.6
chr12	25244591	25244741	2
chr12	25244741	25244766	1.08
chr12	25244766	25244816	0.4
chr12	25244816	25244991	1
chr12	25244991	25245016	1.56
chr12	25245016	25245191	1
chr12	25245191	25245216	0.96
chr12	25245216	25245241	1.52
chr12	25245241	25245266	2.64
chr12	25245266	25245391	3
chr12	25245391	25245416	2.08
chr12	25245416	25245441	1.48
chr12	25245441	25245466	0.36
chr12	25245491	25245516	0.24
chr12	25245516	25245541	1.56
chr12	25245541	25245641	2
chr12	25245641	25245666	2.24
chr12	25245666	25245691	3
chr12	25245691	25245716	3.6
chr12	25245716	25245741	2.44
chr12	25245741	25245841	2
chr12	25245841	25245866	1.76
chr12	25245866	25245891	1
chr12	25245891	25245916	0.16
chr12	25246016	25246041	0.24
chr12	25246041	25246216	1
chr12	25246216	25246241	0.76
chr12	25246891	25246916	0.68
chr12	25246916	25247091	1
chr12	25247091	25247116	0.32
chr12	25247116	25247141	0.6
chr12	25247141	25247316	1
chr12	25247316	25247341	0.84
chr12	25247341	25247366	1.04
chr12	25247366	25247391	2.44
chr12	25247391	25247416	3.56
chr12	25247416	25247441	4
chr12	25247441	25247466	5.2
chr12	25247466	25247491	6
chr12	25247491	25247516	6.68
chr12	25247516	25247541	7.56
chr12	25247541	25247566	7.2
chr12	25247566	25247591	7.48
chr12	25247591	25247616	6.44
chr12	25247616	25247641	6
chr12	25247641	25247666	5.8
chr12	25247666	25247691	5
chr12	25247691	25247716	4.32
chr12	25247716	25247741	3
chr12	25247741	25247766	2.76
chr12	25247766	25247791	1.08
chr12	25247791	25247841	1
chr12	25247991	25248091	1
chr12	25248091	25248116	1.16
chr12	25248116	25248141	2
chr12	25248141	25248166	3.16
chr12	25248166	25248191	4.76
chr12	25248191	25248266	4
chr12	25248266	25248291	4.68
chr12	25248291	25248316	4.84
chr12	25248316	25248341	4
chr12	25248341	25248366	2.84
chr12	25248366	25248391	1.24
chr12	25248391	25248466	1
chr12	25248466	25248516	0.32
chr12	25248516	25248541	1
chr12	25248541	25248566	1.2
chr12	25248566	25248591	2.36
chr12	25248591	25248616	3.92
chr12	25248616	25248641	4.2
chr12	25248641	25248666	6.04
chr12	25248666	25248691	8.2
chr12	25248691	25248716	8.68
chr12	25248716	25248741	8.84
chr12	25248741	25248766	9.96
chr12	25248766	25248791	10.2
chr12	25248791	25248816	9.28
chr12	25248816	25248841	9.8
chr12	25248841	25248866	7.96
chr12	25248866	25248891	5.8
chr12	25248891	25248916	5
chr12	25248916	25248941	4.16
chr12	25248941	25248966	2.84
chr12	25248966	25248991	1.44
chr12	25248991	25249016	0.8
chr12	25249041	25249066	0.36
chr12	25249066	25249091	1.32
chr12	25249091	25249116	2
chr12	25249116	25249141	2.36
chr12	25249141	25249191	3
chr12	25249191	25249216	3.56
chr12	25249216	25249241	4
chr12	25249241	25249266	3.64
chr12	25249266	25249291	2.68
chr12	25249291	25249316	2
chr12	25249316	25249341	1.64
chr12	25249341	25249366	2
chr12	25249366	25249391	4
chr12	25249391	25249416	3.44
chr12	25249416	25249441	3
chr12	25249441	25249466	3.8
chr12	25249466	25249541	5
chr12	25249541	25249566	4.6
chr12	25249566	25249591	3
chr12	25249591	25249616	4.08
chr12	25249616	25249641	5.44
chr12	25249641	25249666	5.6
chr12	25249666	25249691	5.4
chr12	25249691	25249741	6
chr12	25249741	25249766	6.32
chr12	25249766	25249791	6.16
chr12	25249791	25249816	8.28
chr12	25249816	25249841	8.48
chr12	25249841	25249866	8.4
chr12	25249866	25249891	8.6
chr12	25249891	25249916	8
chr12	25249916	25249941	8.48
chr12	25249941	25249966	8.08
chr12	25249966	25249991	7.84
chr12	25249991	25250016	6.4
chr12	25250016	25250041	5.08
chr12	25250041	25250066	4.2
chr12	25250066	25250116	3
chr12	25250116	25250141	2.52
chr12	25250141	25250166	2.16
chr12	25250166	25250191	3
chr12	25250191	25250216	1.24
chr12	25250216	25250341	1
chr12	25250341	25250366	0.84
chr12	25250391	25250416	0.16
chr12	25250416	25250591	1
chr12	25250591	25250616	0.84
chr12	25250791	25250816	0.4
chr12	25250816	25250991	1
