track type=wiggle_0 name="H1-hESC" description="H3K4Me3 Mark (Often Found Near Promoters) on H1-hESC Cells from ENCODE"
#bedGraph section chr12:25110341-25213916
chr12	25205641	25205666	0.28
chr12	25205666	25205816	1
chr12	25205816	25205841	0.12
chr12	25205866	25205891	0.44
chr12	25205891	25206041	2
chr12	25206041	25206066	0.36
chr12	25206066	25206091	0.08
chr12	25206091	25206241	1
chr12	25206241	25206266	0.32
chr12	25206791	25206816	0.56
chr12	25206816	25206841	1
chr12	25206841	25206866	1.52
chr12	25206866	25206916	2
chr12	25206916	25206941	2.2
chr12	25206941	25206966	2.84
chr12	25206966	25206991	2
chr12	25206991	25207016	1.88
chr12	25207016	25207091	1
chr12	25207091	25207116	0.2
chr12	25207691	25207716	0.16
chr12	25207716	25207866	1
chr12	25207866	25207891	0.24
chr12	25207991	25208016	0.6
chr12	25208016	25208141	1
chr12	25208141	25208166	0.8
chr12	25208966	25208991	0.16
chr12	25208991	25209141	1
chr12	25209141	25209166	0.24
chr12	25209266	25209291	0.8
chr12	25209291	25209416	1
chr12	25209416	25209441	0.6
chr12	25209841	25209866	0.88
chr12	25209866	25209991	1
chr12	25209991	25210016	0.52
chr12	25210966	25210991	0.36
chr12	25210991	25211141	1
chr12	25211141	25211166	0.04
chr12	25211266	25211291	0.68
chr12	25211291	25211416	1
chr12	25211416	25211441	0.72
chr12	25211466	25211491	0.04
chr12	25211491	25211641	1
chr12	25211641	25211666	0.36
chr12	25212016	25212041	0.76
chr12	25212041	25212066	1.72
chr12	25212066	25212166	2
chr12	25212166	25212191	1.64
chr12	25212191	25212216	1.56
chr12	25212216	25212341	1
chr12	25212341	25212366	0.52
chr12	25212616	25212766	1
chr12	25212766	25212791	0.4
chr12	25213466	25213491	0.28
chr12	25213491	25213616	1
chr12	25213616	25213641	1.72
chr12	25213641	25213666	1.12
chr12	25213666	25213766	1
chr12	25213766	25213791	0.68
chr12	25213891	25213916	0.92
#bedGraph section chr12:25213916-25294566
chr12	25213916	25213966	1
chr12	25213966	25213991	1.36
chr12	25213991	25214041	2
chr12	25214041	25214066	1.88
chr12	25214066	25214216	2
chr12	25214216	25214291	1
chr12	25214291	25214316	0.44
chr12	25214766	25214791	1.16
chr12	25214791	25214916	2
chr12	25214916	25214941	1.56
chr12	25214941	25214966	0.08
chr12	25215091	25215116	0.44
chr12	25215116	25215241	1
chr12	25215241	25215266	0.96
chr12	25215666	25215691	0.4
chr12	25215691	25215841	1
chr12	25215891	25215916	0.08
chr12	25215916	25215941	1.56
chr12	25215941	25216066	2
chr12	25216066	25216091	1.16
chr12	25216641	25216666	0.2
chr12	25216666	25216816	1
chr12	25216816	25216841	0.2
chr12	25217541	25217566	0.68
chr12	25217566	25217691	1
chr12	25217691	25217716	0.72
chr12	25217816	25217841	0.08
chr12	25217841	25217866	1
chr12	25217866	25217891	1.04
chr12	25217891	25217991	2
chr12	25217991	25218016	1.32
chr12	25218016	25218041	1
chr12	25218041	25218066	0.36
chr12	25218166	25218191	0.44
chr12	25218191	25218316	1
chr12	25218316	25218341	0.96
chr12	25218366	25218391	0.12
chr12	25218391	25218441	1
chr12	25218441	25218466	1.36
chr12	25218466	25218516	2
chr12	25218516	25218541	2.48
chr12	25218541	25218566	2.28
chr12	25218566	25218616	2
chr12	25218616	25218641	1.04
chr12	25218641	25218666	1
chr12	25218666	25218691	0.92
chr12	25219191	25219216	0.52
chr12	25219216	25219341	1
chr12	25219341	25219366	0.88
chr12	25219516	25219541	0.96
chr12	25219541	25219666	1
chr12	25219666	25219691	0.44
chr12	25219741	25219766	0.32
chr12	25219766	25219916	1
chr12	25219916	25219941	0.08
chr12	25220166	25220191	0.36
chr12	25220191	25220341	1
chr12	25220341	25220366	0.04
chr12	25220616	25220641	0.12
chr12	25220641	25220791	1
chr12	25220791	25220816	0.28
chr12	25221416	25221441	0.2
chr12	25221441	25221491	1
chr12	25221491	25221516	1.52
chr12	25221516	25221591	2
chr12	25221591	25221616	2.08
chr12	25221616	25221641	3
chr12	25221641	25221666	2.88
chr12	25221666	25221741	2
chr12	25221741	25221766	1.92
chr12	25222141	25222166	0.76
chr12	25222166	25222291	1
chr12	25222291	25222316	0.64
chr12	25222491	25222516	0.4
chr12	25222516	25222666	1
chr12	25222766	25222791	0.48
chr12	25222791	25222916	1
chr12	25222916	25222941	0.92
chr12	25223091	25223116	1.04
chr12	25223116	25223241	3
chr12	25223241	25223266	2.84
chr12	25223266	25223291	0.32
chr12	25223291	25223316	0.24
chr12	25223316	25223341	1
chr12	25223341	25223366	1.6
chr12	25223366	25223466	2
chr12	25223466	25223491	1.16
chr12	25223491	25223516	0.8
chr12	25224191	25224216	0.68
chr12	25224216	25224341	1
chr12	25224341	25224366	0.72
chr12	25224641	25224666	1.72
chr12	25224666	25224691	2
chr12	25224691	25224716	2.44
chr12	25224716	25224791	3
chr12	25224791	25224816	2.08
chr12	25224816	25224841	1.2
chr12	25224841	25224866	1.96
chr12	25224866	25224991	1
chr12	25224991	25225016	0.2
chr12	25225141	25225166	0.28
chr12	25225166	25225316	1
chr12	25225316	25225341	0.24
chr12	25225341	25225416	1
chr12	25225416	25225441	2.64
chr12	25225441	25225491	3
chr12	25225491	25225516	2.28
chr12	25225516	25225566	2
chr12	25225566	25225591	1.16
chr12	25226591	25226616	0.04
chr12	25226616	25226766	1
chr12	25226766	25226791	0.36
chr12	25227041	25227066	1.52
chr12	25227066	25227191	2
chr12	25227191	25227216	1.28
chr12	25227491	25227516	0.84
chr12	25227516	25227591	1
chr12	25227591	25227616	1.28
chr12	25227616	25227641	2
chr12	25227641	25227666	1.56
chr12	25227666	25227691	1.36
chr12	25227691	25227716	2.4
chr12	25227716	25227766	3
chr12	25227766	25227791	2.12
chr12	25227791	25227841	2
chr12	25227841	25227866	1.04
chr12	25228016	25228041	0.52
chr12	25228041	25228066	1
chr12	25228066	25228166	2
chr12	25228166	25228191	1.88
chr12	25228191	25228216	1
chr12	25228216	25228241	0.4
chr12	25228366	25228391	0.92
chr12	25228391	25228416	1
chr12	25228416	25228441	1.84
chr12	25228441	25228516	2
chr12	25228516	25228541	1.48
chr12	25228541	25228566	1
chr12	25228566	25228591	0.56
chr12	25228991	25229016	0.16
chr12	25229016	25229166	1
chr12	25229166	25229191	0.24
chr12	25229216	25229366	1
chr12	25229366	25229391	0.4
chr12	25230316	25230341	2.12
chr12	25230341	25230466	3
chr12	25230466	25230491	2.08
chr12	25230641	25230666	0.16
chr12	25230666	25230816	1
chr12	25230816	25230841	0.24
chr12	25231141	25231166	0.48
chr12	25231166	25231241	1
chr12	25231241	25231266	1.64
chr12	25231266	25231291	2
chr12	25231291	25231316	1.92
chr12	25231316	25231391	1
chr12	25231391	25231416	0.76
chr12	25231591	25231616	0.76
chr12	25231616	25231691	2
chr12	25231691	25231716	2.72
chr12	25231716	25231741	3
chr12	25231741	25231766	2.76
chr12	25231766	25231791	2.36
chr12	25231791	25231841	2
chr12	25231841	25231866	1.68
chr12	25231866	25231916	1
chr12	25231916	25231941	0.32
chr12	25232016	25232041	0.32
chr12	25232041	25232066	1
chr12	25232066	25232091	1.36
chr12	25232091	25232191	2
chr12	25232191	25232216	1.08
chr12	25232216	25232241	1
chr12	25232241	25232266	0.04
chr12	25232591	25232616	0.28
chr12	25232616	25232766	1
chr12	25232766	25232791	0.12
chr12	25233141	25233166	0.08
chr12	25233166	25233316	1
chr12	25233316	25233341	0.32
chr12	25233391	25233416	0.92
chr12	25233416	25233541	1
chr12	25233541	25233566	0.48
chr12	25233816	25233841	0.08
chr12	25233841	25233991	1
chr12	25233991	25234016	0.32
chr12	25234266	25234291	0.84
chr12	25234291	25234341	2
chr12	25234341	25234416	3
chr12	25234416	25234441	2.72
chr12	25234441	25234466	1.24
chr12	25234466	25234491	1.88
chr12	25234491	25234516	1.4
chr12	25234516	25234616	1
chr12	25234616	25234641	0.52
chr12	25234741	25234766	0.76
chr12	25234766	25234891	1
chr12	25234891	25234916	0.64
chr12	25234991	25235016	0.72
chr12	25235016	25235041	1
chr12	25235041	25235066	2.72
chr12	25235066	25235141	3
chr12	25235141	25235166	2.68
chr12	25235166	25235191	2
chr12	25235191	25235216	1.08
chr12	25235466	25235491	0.56
chr12	25235491	25235541	1
chr12	25235541	25235566	1.08
chr12	25235566	25235616	2
chr12	25235616	25235641	2.52
chr12	25235641	25235716	2
chr12	25235716	25235741	1.32
chr12	25235741	25235766	1
chr12	25235766	25235791	0.72
chr12	25235866	25235891	0.84
chr12	25235891	25235941	1
chr12	25235941	25235966	1.68
chr12	25235966	25236016	2
chr12	25236016	25236041	1.56
chr12	25236041	25236091	1
chr12	25236091	25236116	1.28
chr12	25236116	25236241	1
chr12	25236241	25236266	0.84
chr12	25236416	25236441	0.48
chr12	25236441	25236491	1
chr12	25236491	25236516	1.52
chr12	25236516	25236566	2
chr12	25236566	25236591	1.92
chr12	25236591	25236641	1
chr12	25236641	25236666	0.88
chr12	25236716	25236741	0.24
chr12	25236741	25236866	1
chr12	25236866	25236891	1.28
chr12	25236891	25236916	1.16
chr12	25236916	25236966	1
chr12	25236966	25236991	1.68
chr12	25236991	25237041	2
chr12	25237041	25237091	1.12
chr12	25237091	25237116	2
chr12	25237116	25237141	1.72
chr12	25237141	25237241	1
chr12	25237241	25237266	1.16
chr12	25237266	25237316	1
chr12	25237316	25237341	1.92
chr12	25237341	25237366	2
chr12	25237366	25237391	2.32
chr12	25237391	25237416	2.52
chr12	25237416	25237466	2
chr12	25237466	25237491	1.48
chr12	25237491	25237541	1
chr12	25237541	25237566	0.08
chr12	25237566	25237591	0.4
chr12	25237591	25237741	1
chr12	25238141	25238166	0.32
chr12	25238166	25238316	1
chr12	25238316	25238341	0.08
chr12	25238541	25238566	0.04
chr12	25238566	25238591	1
chr12	25238591	25238616	1.04
chr12	25238616	25238716	2
chr12	25238716	25238741	1.36
chr12	25238741	25238766	1
chr12	25238766	25238791	0.36
chr12	25238916	25238941	0.96
chr12	25238941	25239066	1
chr12	25239066	25239091	1.24
chr12	25239091	25239216	1
chr12	25239216	25239241	0.6
chr12	25240241	25240266	0.96
chr12	25240266	25240291	1.32
chr12	25240291	25240391	2
chr12	25240391	25240416	1.44
chr12	25240416	25240441	1
chr12	25240441	25240466	0.08
chr12	25240516	25240541	0.72
chr12	25240541	25240666	1
chr12	25240666	25240691	0.68
chr12	25241241	25241266	0.84
chr12	25241266	25241391	1
chr12	25241391	25241416	0.8
chr12	25241416	25241441	1
chr12	25241441	25241466	1.2
chr12	25241466	25241566	2
chr12	25241566	25241591	1.16
chr12	25241591	25241616	1.76
chr12	25241616	25241641	1.2
chr12	25241641	25241666	1.96
chr12	25241666	25241741	3
chr12	25241741	25241766	2.64
chr12	25241766	25241791	2
chr12	25241791	25241816	1.72
chr12	25241816	25241841	0.12
chr12	25242166	25242191	0.32
chr12	25242191	25242341	1
chr12	25242341	25242366	0.24
chr12	25242366	25242391	1.56
chr12	25242391	25242516	2
chr12	25242516	25242541	1.08
chr12	25242616	25242641	0.56
chr12	25242641	25242766	1
chr12	25242766	25242791	0.84
chr12	25242791	25242816	0.04
chr12	25242816	25242966	1
chr12	25242966	25242991	0.36
chr12	25243066	25243091	0.6
chr12	25243091	25243166	1
chr12	25243166	25243191	1.88
chr12	25243191	25243216	2
chr12	25243216	25243241	1.8
chr12	25243241	25243266	2.2
chr12	25243266	25243316	3
chr12	25243316	25243341	2.52
chr12	25243341	25243391	2
chr12	25243391	25243416	1.6
chr12	25243741	25243766	0.56
chr12	25243766	25243791	1.32
chr12	25243791	25243816	2.88
chr12	25243816	25243891	3
chr12	25243891	25243916	2.84
chr12	25243916	25243941	2
chr12	25243941	25243966	0.6
chr12	25244191	25244216	0.32
chr12	25244216	25244266	1
chr12	25244266	25244291	1.4
chr12	25244291	25244366	2
chr12	25244366	25244391	1.08
chr12	25244391	25244416	1
chr12	25244416	25244441	2.16
chr12	25244441	25244516	2
chr12	25244516	25244541	2.92
chr12	25244541	25244566	3
chr12	25244566	25244591	2.48
chr12	25244591	25244616	1.16
chr12	25244616	25244666	1
chr12	25244666	25244691	0.48
chr12	25245216	25245241	0.96
chr12	25245241	25245366	1
chr12	25245366	25245391	0.44
chr12	25245466	25245491	1.12
chr12	25245491	25245616	2
chr12	25245616	25245641	1.68
chr12	25245766	25245791	0.48
chr12	25245791	25245866	1
chr12	25245866	25245891	1.04
chr12	25245891	25245916	2
chr12	25245916	25245941	2.36
chr12	25245941	25245966	2.44
chr12	25245966	25246016	3
chr12	25246016	25246041	3.76
chr12	25246041	25246066	3.36
chr12	25246066	25246091	2.96
chr12	25246091	25246116	1.96
chr12	25246116	25246166	1
chr12	25246166	25246191	0.64
chr12	25246266	25246416	1
chr12	25246416	25246441	0.4
chr12	25246841	25246866	0.12
chr12	25246866	25247016	1
chr12	25247016	25247041	0.28
chr12	25247141	25247166	0.96
chr12	25247166	25247216	1
chr12	25247216	25247241	1.48
chr12	25247241	25247266	2
chr12	25247266	25247291	2.96
chr12	25247291	25247316	2.8
chr12	25247316	25247366	3
chr12	25247366	25247391	3.72
chr12	25247391	25247416	3.36
chr12	25247416	25247441	3.56
chr12	25247441	25247466	5.12
chr12	25247466	25247491	5.04
chr12	25247491	25247516	5.96
chr12	25247516	25247541	5.6
chr12	25247541	25247566	5.16
chr12	25247566	25247591	5.04
chr12	25247591	25247616	3.96
chr12	25247616	25247641	2
chr12	25247641	25247666	1.44
chr12	25247666	25247716	1
chr12	25247716	25247741	0.24
chr12	25248516	25248541	0.16
chr12	25248541	25248691	1
chr12	25248691	25248716	0.24
chr12	25248766	25248791	0.28
chr12	25248791	25248841	1
chr12	25248841	25248866	1.92
chr12	25248866	25248891	2
chr12	25248891	25248916	2.92
chr12	25248916	25248941	3
chr12	25248941	25248966	2.12
chr12	25248966	25248991	2
chr12	25248991	25249016	2.2
chr12	25249016	25249041	2
chr12	25249041	25249066	1.48
chr12	25249066	25249116	1
chr12	25249116	25249141	1.28
chr12	25249141	25249166	1.68
chr12	25249166	25249216	1
chr12	25249216	25249241	1.52
chr12	25249241	25249266	2.68
chr12	25249266	25249291	3
chr12	25249291	25249316	2.12
chr12	25249316	25249366	2
chr12	25249366	25249391	2.6
chr12	25249391	25249416	1.72
chr12	25249416	25249516	1
chr12	25249516	25249541	1.44
chr12	25249541	25249566	1
chr12	25249566	25249591	1.32
chr12	25249591	25249616	2
chr12	25249616	25249641	2.92
chr12	25249641	25249666	3.28
chr12	25249666	25249691	4.68
chr12	25249691	25249716	5
chr12	25249716	25249741	6.4
chr12	25249741	25249766	10.32
chr12	25249766	25249791	14.24
chr12	25249791	25249816	17.04
chr12	25249816	25249841	20.24
chr12	25249841	25249866	25.96
chr12	25249866	25249891	29.48
chr12	25249891	25249916	32.72
chr12	25249916	25249941	36.92
chr12	25249941	25249966	40.32
chr12	25249966	25249991	49.8
chr12	25249991	25250016	48.92
chr12	25250016	25250041	47.2
chr12	25250041	25250066	46.96
chr12	25250066	25250091	45.64
chr12	25250091	25250116	50.12
chr12	25250116	25250141	50.16
chr12	25250141	25250166	59.04
chr12	25250166	25250191	65.96
chr12	25250191	25250216	67.96
chr12	25250216	25250241	68.08
chr12	25250241	25250266	65.04
chr12	25250266	25250291	55.76
chr12	25250291	25250316	42.6
chr12	25250316	25250341	37.72
chr12	25250341	25250366	34.92
chr12	25250366	25250391	33.44
chr12	25250391	25250416	31.64
chr12	25250416	25250441	28.64
chr12	25250441	25250466	27
chr12	25250466	25250491	22.96
chr12	25250491	25250516	16.12
chr12	25250516	25250541	12.04
chr12	25250541	25250566	6.64
chr12	25250566	25250591	5
chr12	25250591	25250616	3.52
chr12	25250616	25250641	4.64
chr12	25250641	25250666	7.36
chr12	25250666	25250691	12.28
chr12	25250691	25250716	19.4
chr12	25250716	25250741	22.04
chr12	25250741	25250766	26.72
chr12	25250766	25250791	30.36
chr12	25250791	25250816	29.92
chr12	25250816	25250841	26.04
chr12	25250841	25250866	23.4
chr12	25250866	25250891	19.92
chr12	25250891	25250916	17.04
chr12	25250916	25250941	13.16
