track type=wiggle_0 name="H1-hESC" description="H3K27Ac Mark (Often Found Near Regulatory Elements) on H1-hESC Cells from ENCODE"
#bedGraph section chr12:25150941-25209291
chr12	25205241	25205291	1
chr12	25205291	25205316	0.44
chr12	25205316	25205341	0.6
chr12	25205341	25205466	1
chr12	25205466	25205491	1.88
chr12	25205491	25205516	2
chr12	25205516	25205541	1.4
chr12	25205541	25205666	1
chr12	25205666	25205691	0.12
chr12	25205916	25205941	0.76
chr12	25205941	25205966	1
chr12	25205966	25205991	1.16
chr12	25205991	25206091	2
chr12	25206091	25206116	3
chr12	25206116	25206141	3.24
chr12	25206141	25206166	3
chr12	25206166	25206191	2.84
chr12	25206191	25206291	2
chr12	25206291	25206316	1.72
chr12	25206316	25206466	2
chr12	25206466	25206491	2.28
chr12	25206491	25206516	2.88
chr12	25206516	25206541	2
chr12	25206541	25206566	2.88
chr12	25206566	25206591	3.36
chr12	25206591	25206666	4
chr12	25206666	25206691	3.72
chr12	25206691	25206716	2.4
chr12	25206716	25206741	2
chr12	25206741	25206766	2.12
chr12	25206766	25206791	1.64
chr12	25206791	25206941	1
chr12	25206941	25206966	0.36
chr12	25206966	25207066	1
chr12	25207066	25207091	1.16
chr12	25207091	25207141	2
chr12	25207141	25207166	1.64
chr12	25207166	25207266	1
chr12	25207266	25207291	0.84
chr12	25207291	25207316	0.16
chr12	25207316	25207341	1
chr12	25207341	25207366	1.92
chr12	25207366	25207391	3.52
chr12	25207391	25207416	4.48
chr12	25207416	25207441	5
chr12	25207441	25207466	5.64
chr12	25207466	25207491	6
chr12	25207491	25207516	5.84
chr12	25207516	25207541	5
chr12	25207541	25207566	4.08
chr12	25207566	25207591	2.48
chr12	25207591	25207616	3.04
chr12	25207616	25207641	3
chr12	25207641	25207666	2.36
chr12	25207666	25207691	2.52
chr12	25207691	25207716	3.28
chr12	25207716	25207741	4
chr12	25207741	25207766	4.96
chr12	25207766	25207791	5
chr12	25207791	25207816	3.48
chr12	25207816	25207866	3
chr12	25207866	25207891	2.92
chr12	25207891	25207916	2.72
chr12	25207916	25207941	3
chr12	25207941	25207966	2.04
chr12	25207966	25207991	2.36
chr12	25207991	25208066	3
chr12	25208066	25208091	2.56
chr12	25208091	25208116	2
chr12	25208116	25208166	1
chr12	25208166	25208191	0.64
chr12	25208241	25208266	0.96
chr12	25208266	25208441	1
chr12	25208441	25208466	0.88
chr12	25208466	25208541	1
chr12	25208541	25208566	1.76
chr12	25208566	25208591	3.08
chr12	25208591	25208616	5.44
chr12	25208616	25208641	6.36
chr12	25208641	25208666	7.08
chr12	25208666	25208741	7
chr12	25208741	25208766	6.6
chr12	25208766	25208791	5.92
chr12	25208791	25208816	3.56
chr12	25208816	25208841	2.64
chr12	25208841	25208866	1.08
chr12	25208866	25208941	1
chr12	25208941	25208966	0.64
chr12	25209016	25209041	0.56
chr12	25209041	25209216	1
chr12	25209216	25209241	0.52
chr12	25209241	25209266	1.8
chr12	25209266	25209291	2.4
#bedGraph section chr12:25209291-25255691
chr12	25209291	25209416	3
chr12	25209416	25209441	3.12
chr12	25209441	25209491	2.6
chr12	25209491	25209516	2.88
chr12	25209516	25209616	3
chr12	25209616	25209641	2.8
chr12	25209641	25209666	1.6
chr12	25209666	25209691	1
chr12	25209691	25209716	0.12
chr12	25209766	25209966	1
chr12	25210041	25210066	0.56
chr12	25210066	25210116	1
chr12	25210116	25210141	1.76
chr12	25210141	25210241	2
chr12	25210241	25210266	1.44
chr12	25210266	25210316	1
chr12	25210316	25210341	0.24
chr12	25210716	25210766	1
chr12	25210766	25210791	1.88
chr12	25210791	25210816	2.72
chr12	25210816	25210841	3.24
chr12	25210841	25210916	4
chr12	25210916	25210966	3
chr12	25210966	25210991	2.12
chr12	25210991	25211016	1.28
chr12	25211016	25211041	0.76
chr12	25211266	25211291	0.84
chr12	25211291	25211391	1
chr12	25211391	25211416	1.08
chr12	25211416	25211441	2.24
chr12	25211441	25211466	3.4
chr12	25211466	25211491	3.16
chr12	25211491	25211591	3
chr12	25211591	25211616	2.92
chr12	25211616	25211641	1.76
chr12	25211641	25211666	0.6
chr12	25211691	25211716	0.88
chr12	25211716	25211741	2.84
chr12	25211741	25211766	3.72
chr12	25211766	25211791	7.28
chr12	25211791	25211866	8
chr12	25211866	25211891	8.36
chr12	25211891	25211916	8.12
chr12	25211916	25211941	6.44
chr12	25211941	25211966	6.28
chr12	25211966	25211991	2.72
chr12	25211991	25212066	2
chr12	25212066	25212091	1.64
chr12	25212091	25212116	1
chr12	25212116	25212141	0.72
chr12	25212141	25212166	0.28
chr12	25212166	25212191	1.24
chr12	25212191	25212216	2
chr12	25212216	25212241	3.08
chr12	25212241	25212266	4.72
chr12	25212266	25212316	5
chr12	25212316	25212341	5.24
chr12	25212341	25212366	5.72
chr12	25212366	25212391	4.76
chr12	25212391	25212416	4.72
chr12	25212416	25212441	4.92
chr12	25212441	25212466	3.28
chr12	25212466	25212516	3
chr12	25212516	25212541	2.76
chr12	25212541	25212591	2
chr12	25212591	25212616	1.28
chr12	25212891	25212916	0.44
chr12	25212916	25212941	1.04
chr12	25212941	25212991	2
chr12	25212991	25213016	2.76
chr12	25213016	25213066	4
chr12	25213066	25213091	5.92
chr12	25213091	25213116	5.56
chr12	25213116	25213141	4.96
chr12	25213141	25213166	4
chr12	25213166	25213191	4.88
chr12	25213191	25213216	4.24
chr12	25213216	25213266	3
chr12	25213266	25213291	1.08
chr12	25213291	25213366	1
chr12	25213366	25213391	0.12
chr12	25213641	25213666	0.92
chr12	25213666	25213691	1
chr12	25213691	25213716	1.56
chr12	25213716	25213791	2
chr12	25213791	25213816	2.24
chr12	25213816	25213841	3
chr12	25213841	25213866	2.08
chr12	25213866	25213891	2.48
chr12	25213891	25213916	2.84
chr12	25213916	25213991	3
chr12	25213991	25214016	2.76
chr12	25214016	25214066	2
chr12	25214066	25214091	1.52
chr12	25214091	25214116	0.6
chr12	25214266	25214291	0.6
chr12	25214291	25214466	1
chr12	25214466	25214491	0.4
chr12	25214591	25214616	0.4
chr12	25214616	25214641	1
chr12	25214641	25214666	1.4
chr12	25214666	25214791	2
chr12	25214791	25214816	1.6
chr12	25214816	25214841	1
chr12	25214841	25214866	0.6
chr12	25215041	25215066	0.32
chr12	25215066	25215241	1
chr12	25215241	25215266	0.68
chr12	25215291	25215316	0.96
chr12	25215316	25215391	2
chr12	25215391	25215416	2.48
chr12	25215416	25215441	3.16
chr12	25215441	25215466	4.04
chr12	25215466	25215491	5
chr12	25215491	25215516	4.04
chr12	25215516	25215566	3
chr12	25215566	25215591	3.44
chr12	25215591	25215616	3.52
chr12	25215616	25215641	2.84
chr12	25215641	25215666	1.96
chr12	25215666	25215766	1
chr12	25215766	25215791	1.36
chr12	25215791	25215841	1
chr12	25215841	25215866	1.88
chr12	25215866	25215891	2
chr12	25215891	25215916	2.6
chr12	25215916	25215941	3
chr12	25215941	25215966	3.6
chr12	25215966	25215991	4.2
chr12	25215991	25216041	4
chr12	25216041	25216066	3.12
chr12	25216066	25216091	3
chr12	25216091	25216116	2.4
chr12	25216116	25216141	2
chr12	25216141	25216166	1.4
chr12	25216191	25216216	0.76
chr12	25216216	25216241	1
chr12	25216241	25216266	1.92
chr12	25216266	25216291	2.48
chr12	25216291	25216391	3
chr12	25216391	25216416	2.28
chr12	25216416	25216441	3
chr12	25216441	25216466	2.08
chr12	25216466	25216491	1.56
chr12	25216491	25216516	2.28
chr12	25216516	25216541	3
chr12	25216541	25216566	3.96
chr12	25216566	25216591	4
chr12	25216591	25216616	3.96
chr12	25216616	25216641	3
chr12	25216641	25216666	3.4
chr12	25216666	25216691	3.96
chr12	25216691	25216716	2.72
chr12	25216716	25216741	2
chr12	25216741	25216766	1.04
chr12	25216766	25216841	1
chr12	25216841	25216866	0.6
chr12	25216941	25216966	0.28
chr12	25216966	25216991	1
chr12	25216991	25217016	1.48
chr12	25217016	25217041	2.4
chr12	25217041	25217066	4.12
chr12	25217066	25217141	5
chr12	25217141	25217166	4.72
chr12	25217166	25217191	4.12
chr12	25217191	25217216	4.52
chr12	25217216	25217241	3.6
chr12	25217241	25217266	2.6
chr12	25217266	25217366	2
chr12	25217366	25217391	1.88
chr12	25217391	25217416	1.48
chr12	25217416	25217441	2
chr12	25217441	25217466	1.28
chr12	25217466	25217591	1
chr12	25217591	25217616	0.52
chr12	25218116	25218141	0.84
chr12	25218141	25218316	1
chr12	25218316	25218341	0.16
chr12	25218366	25218391	0.96
chr12	25218391	25218516	2
chr12	25218516	25218541	2.48
chr12	25218541	25218566	3
chr12	25218566	25218591	2.04
chr12	25218591	25218716	1
chr12	25218716	25218741	0.52
chr12	25219341	25219366	0.04
chr12	25219366	25219416	1
chr12	25219416	25219441	1.6
chr12	25219441	25219541	2
chr12	25219541	25219566	1.96
chr12	25219566	25219616	1
chr12	25219616	25219641	0.72
chr12	25219641	25219666	1.52
chr12	25219666	25219691	2
chr12	25219691	25219716	2.56
chr12	25219716	25219766	3
chr12	25219766	25219791	3.32
chr12	25219791	25219816	4.96
chr12	25219816	25219841	5.84
chr12	25219841	25219866	5.48
chr12	25219866	25219891	5
chr12	25219891	25219916	4.84
chr12	25219916	25219941	6.16
chr12	25219941	25219966	7
chr12	25219966	25219991	6.68
chr12	25219991	25220016	5.04
chr12	25220016	25220041	3.84
chr12	25220041	25220066	5.64
chr12	25220066	25220091	6
chr12	25220091	25220116	6.48
chr12	25220116	25220141	6.2
chr12	25220141	25220166	7.8
chr12	25220166	25220191	9.4
chr12	25220191	25220216	10
chr12	25220216	25220241	10.52
chr12	25220241	25220266	8.36
chr12	25220266	25220291	8
chr12	25220291	25220316	7.12
chr12	25220316	25220341	5.64
chr12	25220341	25220366	3.2
chr12	25220366	25220391	1.6
chr12	25220391	25220416	1
chr12	25220416	25220441	0.48
chr12	25220666	25220691	0.8
chr12	25220691	25220716	1
chr12	25220716	25220741	1.92
chr12	25220741	25220866	2
chr12	25220866	25220891	1.2
chr12	25220891	25220916	1
chr12	25220916	25220941	0.08
chr12	25221091	25221116	0.36
chr12	25221116	25221291	1
chr12	25221291	25221316	1.6
chr12	25221316	25221341	1.32
chr12	25221341	25221366	2
chr12	25221366	25221391	2.16
chr12	25221391	25221466	3
chr12	25221466	25221491	3.48
chr12	25221491	25221516	3.04
chr12	25221516	25221541	2.68
chr12	25221541	25221566	2
chr12	25221566	25221591	1.84
chr12	25221591	25221666	1
chr12	25221666	25221691	0.52
chr12	25221716	25221741	0.56
chr12	25221741	25221766	1
chr12	25221766	25221791	1.08
chr12	25221791	25221816	2.48
chr12	25221816	25221916	3
chr12	25221916	25221941	2.44
chr12	25221941	25221966	2
chr12	25221966	25221991	1.92
chr12	25221991	25222016	0.52
chr12	25222216	25222241	0.08
chr12	25222241	25222416	1
chr12	25222416	25222441	0.92
chr12	25222616	25222641	1.76
chr12	25222641	25222666	2
chr12	25222666	25222691	3.36
chr12	25222691	25222766	4
chr12	25222766	25222791	4.88
chr12	25222791	25222816	5
chr12	25222816	25222841	3.24
chr12	25222841	25222866	3
chr12	25222866	25222891	1.64
chr12	25222891	25222941	1
chr12	25222941	25222966	1.56
chr12	25222966	25222991	1.12
chr12	25222991	25223141	1
chr12	25223141	25223166	0.44
chr12	25223316	25223341	0.84
chr12	25223341	25223516	2
chr12	25223516	25223541	1.16
chr12	25223766	25223791	0.36
chr12	25223791	25223916	1
chr12	25223916	25223941	1.12
chr12	25223941	25223966	2.04
chr12	25223966	25223991	2.64
chr12	25223991	25224116	2
chr12	25224116	25224141	1.88
chr12	25224141	25224166	0.96
chr12	25224341	25224366	0.88
chr12	25224366	25224541	1
chr12	25224541	25224566	0.12
chr12	25225416	25225441	0.48
chr12	25225441	25225566	1
chr12	25225566	25225591	1.48
chr12	25225591	25225616	2.64
chr12	25225616	25225641	2.52
chr12	25225641	25225766	2
chr12	25225766	25225791	1.52
chr12	25225791	25225816	0.36
chr12	25225866	25225891	0.48
chr12	25225891	25226066	1
chr12	25226066	25226091	0.52
chr12	25226166	25226191	1.64
chr12	25226191	25226216	3.72
chr12	25226216	25226241	5
chr12	25226241	25226266	5.04
chr12	25226266	25226291	6.2
chr12	25226291	25226366	7
chr12	25226366	25226391	5.36
chr12	25226391	25226416	3.28
chr12	25226416	25226441	2
chr12	25226441	25226466	1.96
chr12	25226466	25226491	0.8
chr12	25226491	25226516	0.48
chr12	25226516	25226691	1
chr12	25226691	25226716	0.52
chr12	25226791	25226816	0.12
chr12	25226816	25226866	1
chr12	25226866	25226891	1.88
chr12	25226891	25226916	2.04
chr12	25226916	25226991	3
chr12	25226991	25227016	2.88
chr12	25227016	25227066	2
chr12	25227066	25227091	1.12
chr12	25227091	25227116	0.96
chr12	25227366	25227391	0.64
chr12	25227391	25227416	2.68
chr12	25227416	25227466	3
chr12	25227466	25227491	4.28
chr12	25227491	25227516	5.44
chr12	25227516	25227566	6
chr12	25227566	25227591	5.36
chr12	25227591	25227616	3.32
chr12	25227616	25227666	3
chr12	25227666	25227691	2
chr12	25227691	25227716	1.72
chr12	25227716	25227841	2
chr12	25227841	25227866	2.28
chr12	25227866	25227891	2.72
chr12	25227891	25227916	1.84
chr12	25227916	25228041	1
chr12	25228041	25228066	1.24
chr12	25228066	25228191	1
chr12	25228191	25228216	1.24
chr12	25228216	25228241	2
chr12	25228241	25228266	1.48
chr12	25228266	25228366	1
chr12	25228366	25228391	1.16
chr12	25228391	25228416	1.76
chr12	25228416	25228466	1
chr12	25228466	25228491	2.12
chr12	25228491	25228566	3
chr12	25228566	25228591	2.84
chr12	25228591	25228666	2
chr12	25228666	25228691	0.88
chr12	25229116	25229141	0.36
chr12	25229141	25229216	1
chr12	25229216	25229241	1.08
chr12	25229241	25229266	2
chr12	25229266	25229291	2.2
chr12	25229291	25229316	3.8
chr12	25229316	25229341	3.64
chr12	25229341	25229366	3
chr12	25229366	25229391	3.44
chr12	25229391	25229416	4.44
chr12	25229416	25229441	4.92
chr12	25229441	25229466	4
chr12	25229466	25229516	3.8
chr12	25229516	25229566	4
chr12	25229566	25229591	3.56
chr12	25229591	25229616	2.56
chr12	25229616	25229691	2
chr12	25229691	25229716	0.4
chr12	25229866	25229891	0.72
chr12	25229891	25229916	3.12
chr12	25229916	25230066	4
chr12	25230066	25230091	3.28
chr12	25230091	25230116	0.88
chr12	25230116	25230141	0.08
chr12	25230141	25230291	1
chr12	25230291	25230316	1.96
chr12	25230316	25230341	1.92
chr12	25230341	25230491	1
chr12	25230491	25230516	0.76
chr12	25230516	25230666	1
chr12	25230666	25230691	1.4
chr12	25230691	25230716	1.28
chr12	25230716	25230841	1
chr12	25230841	25230866	1.12
chr12	25230866	25230891	1.6
chr12	25230891	25230916	1.92
chr12	25230916	25230966	2
chr12	25230966	25230991	3.64
chr12	25230991	25231016	4.4
chr12	25231016	25231041	5
chr12	25231041	25231066	4.88
chr12	25231066	25231091	4
chr12	25231091	25231116	3.08
chr12	25231116	25231166	3
chr12	25231166	25231191	1.36
chr12	25231191	25231216	0.6
chr12	25231266	25231291	0.2
chr12	25231291	25231416	1
chr12	25231416	25231441	2.12
chr12	25231441	25231466	3
chr12	25231466	25231491	2.8
chr12	25231491	25231516	2
chr12	25231516	25231541	2.84
chr12	25231541	25231616	3
chr12	25231616	25231641	1.88
chr12	25231641	25231716	1
chr12	25231716	25231741	0.16
chr12	25231741	25231766	0.96
chr12	25231766	25231841	1
chr12	25231841	25231866	1.84
chr12	25231866	25231941	2
chr12	25231941	25231966	1.04
chr12	25231966	25231991	3
chr12	25231991	25232016	3.08
chr12	25232016	25232041	4
chr12	25232041	25232066	3.16
chr12	25232066	25232091	3.72
chr12	25232091	25232116	4
chr12	25232116	25232141	5.68
chr12	25232141	25232166	6.24
chr12	25232166	25232191	5
chr12	25232191	25232216	4.92
chr12	25232216	25232241	4.2
chr12	25232241	25232266	5
chr12	25232266	25232291	4.28
chr12	25232291	25232316	4
chr12	25232316	25232341	2.64
chr12	25232341	25232366	2.76
chr12	25232366	25232416	2
chr12	25232416	25232441	1.8
chr12	25232441	25232516	1
chr12	25232516	25232541	0.68
chr12	25232766	25232791	0.2
chr12	25232791	25232816	2.12
chr12	25232816	25232841	3
chr12	25232841	25232866	3.12
chr12	25232866	25232966	4
chr12	25232966	25232991	4.32
chr12	25232991	25233016	2.88
chr12	25233016	25233041	2
chr12	25233041	25233066	2.52
chr12	25233066	25233091	4.48
chr12	25233091	25233116	5.08
chr12	25233116	25233141	6.68
chr12	25233141	25233166	7
chr12	25233166	25233191	6.48
chr12	25233191	25233241	6
chr12	25233241	25233266	5.36
chr12	25233266	25233291	2.52
chr12	25233291	25233316	1.92
chr12	25233316	25233341	0.32
chr12	25233366	25233391	0.28
chr12	25233391	25233416	1.52
chr12	25233416	25233441	2
chr12	25233441	25233466	3.16
chr12	25233466	25233491	4.16
chr12	25233491	25233516	5.28
chr12	25233516	25233541	6.04
chr12	25233541	25233566	7
chr12	25233566	25233591	7.52
chr12	25233591	25233616	6.48
chr12	25233616	25233641	6
chr12	25233641	25233666	4.84
chr12	25233666	25233691	3.84
chr12	25233691	25233716	2.72
chr12	25233716	25233741	1.96
chr12	25233741	25233766	1
chr12	25233766	25233791	0.2
chr12	25234216	25234241	0.24
chr12	25234241	25234416	1
chr12	25234416	25234441	0.76
chr12	25234441	25234466	0.24
chr12	25234466	25234641	1
chr12	25234641	25234666	1.08
chr12	25234666	25234691	1
chr12	25234691	25234841	2
chr12	25234841	25234866	1.68
chr12	25234866	25234891	1
chr12	25234991	25235016	1
chr12	25235016	25235041	1.08
chr12	25235041	25235066	2.88
chr12	25235066	25235141	3
chr12	25235141	25235166	3.84
chr12	25235166	25235191	4
chr12	25235191	25235216	3
chr12	25235216	25235241	2.92
chr12	25235241	25235266	1.68
chr12	25235266	25235341	2
chr12	25235341	25235366	1.16
chr12	25235366	25235391	1.96
chr12	25235391	25235416	3.52
chr12	25235416	25235441	4
chr12	25235441	25235466	3.44
chr12	25235466	25235491	3
chr12	25235491	25235516	3.72
chr12	25235516	25235541	5.44
chr12	25235541	25235566	6
chr12	25235566	25235591	5.04
chr12	25235591	25235616	3.48
chr12	25235616	25235691	3
chr12	25235691	25235716	2.28
chr12	25235716	25235741	1.16
chr12	25235741	25235766	1
chr12	25235766	25235791	1.84
chr12	25235791	25235816	3.96
chr12	25235816	25235866	4
chr12	25235866	25235891	5
chr12	25235891	25235916	5.4
chr12	25235916	25235941	6.4
chr12	25235941	25235966	6
chr12	25235966	25235991	5.52
chr12	25235991	25236016	5.04
chr12	25236016	25236041	8.88
chr12	25236041	25236066	9
chr12	25236066	25236091	8
chr12	25236091	25236116	7.6
chr12	25236116	25236141	6
chr12	25236141	25236166	7.08
chr12	25236166	25236191	7.64
chr12	25236191	25236216	6
chr12	25236216	25236241	2.12
chr12	25236241	25236266	2
chr12	25236266	25236291	2.88
chr12	25236291	25236316	3.08
chr12	25236316	25236341	4.6
chr12	25236341	25236366	3.92
chr12	25236366	25236391	5.04
chr12	25236391	25236441	6
chr12	25236441	25236466	6.12
chr12	25236466	25236491	6.72
chr12	25236491	25236516	6.92
chr12	25236516	25236541	6.2
chr12	25236541	25236566	6
chr12	25236566	25236591	3.96
chr12	25236591	25236641	3
chr12	25236641	25236666	2.88
chr12	25236666	25236691	1.72
chr12	25236691	25236716	2
chr12	25236716	25236741	1.2
chr12	25236741	25236841	1
chr12	25236841	25236866	1.52
chr12	25236866	25236891	2.52
chr12	25236891	25236916	2
chr12	25236916	25236941	2.96
chr12	25236941	25236966	4.44
chr12	25236966	25237041	5
chr12	25237041	25237066	4.48
chr12	25237066	25237091	4.88
chr12	25237091	25237116	6.64
chr12	25237116	25237141	6.04
chr12	25237141	25237166	4.56
chr12	25237166	25237266	4
chr12	25237266	25237291	2.28
chr12	25237291	25237316	0.36
chr12	25237341	25237366	0.32
chr12	25237366	25237416	1
chr12	25237416	25237441	1.48
chr12	25237441	25237466	2.84
chr12	25237466	25237491	3
chr12	25237491	25237516	3.12
chr12	25237516	25237541	4
chr12	25237541	25237566	3.68
chr12	25237566	25237616	3
chr12	25237616	25237641	2.52
chr12	25237641	25237666	1.16
chr12	25237666	25237691	1
chr12	25237691	25237716	0.88
chr12	25237741	25237766	0.84
chr12	25237766	25237891	2
chr12	25237891	25237916	2.64
chr12	25237916	25237941	3
chr12	25237941	25237966	2.16
chr12	25237966	25238016	1
chr12	25238016	25238041	1.36
chr12	25238041	25238066	2.2
chr12	25238066	25238091	3
chr12	25238091	25238116	2.36
chr12	25238116	25238141	2
chr12	25238141	25238166	2.48
chr12	25238166	25238191	3
chr12	25238191	25238241	3.64
chr12	25238241	25238266	2.8
chr12	25238266	25238341	2
chr12	25238341	25238366	1.52
chr12	25238366	25238391	1
chr12	25238391	25238416	1.04
chr12	25238416	25238441	1.64
chr12	25238441	25238516	2
chr12	25238516	25238541	3.76
chr12	25238541	25238591	4
chr12	25238591	25238616	3.32
chr12	25238616	25238641	2.36
chr12	25238641	25238716	2
chr12	25238716	25238741	0.24
chr12	25238841	25238866	0.24
chr12	25238866	25238916	1
chr12	25238916	25238941	4.32
chr12	25238941	25238966	6
chr12	25238966	25238991	6.8
chr12	25238991	25239041	7
chr12	25239041	25239066	6.76
chr12	25239066	25239091	6
chr12	25239091	25239116	6.6
chr12	25239116	25239141	3.68
chr12	25239141	25239166	2
chr12	25239166	25239191	1.2
chr12	25239191	25239266	1
chr12	25239266	25239291	2.8
chr12	25239291	25239316	2.4
chr12	25239316	25239341	3.16
chr12	25239341	25239441	4
chr12	25239441	25239466	4.8
chr12	25239466	25239491	3.72
chr12	25239491	25239516	4
chr12	25239516	25239541	2.84
chr12	25239541	25239616	2
chr12	25239616	25239641	2.56
chr12	25239641	25239666	2.2
chr12	25239666	25239691	2.04
chr12	25239691	25239716	2.16
chr12	25239716	25239791	3
chr12	25239791	25239816	3.72
chr12	25239816	25239841	3.44
chr12	25239841	25239866	3
chr12	25239866	25239891	2.44
chr12	25239891	25239916	1.84
chr12	25239916	25239991	1
chr12	25239991	25240016	0.28
chr12	25240241	25240266	0.8
chr12	25240266	25240416	1
chr12	25240416	25240441	1.24
chr12	25240441	25240466	1.92
chr12	25240466	25240491	3.96
chr12	25240491	25240516	5.16
chr12	25240516	25240541	7.68
chr12	25240541	25240566	10.6
chr12	25240566	25240591	11.16
chr12	25240591	25240641	12
chr12	25240641	25240666	11.6
chr12	25240666	25240691	10.64
chr12	25240691	25240716	9.84
chr12	25240716	25240741	7.32
chr12	25240741	25240766	4.4
chr12	25240766	25240791	3.84
chr12	25240791	25240816	3
chr12	25240816	25240841	4.76
chr12	25240841	25240866	4.68
chr12	25240866	25240891	4.4
chr12	25240891	25240916	4.84
chr12	25240916	25240941	6.64
chr12	25240941	25240966	9.52
chr12	25240966	25240991	11
chr12	25240991	25241016	11.04
chr12	25241016	25241041	10
chr12	25241041	25241066	9.84
chr12	25241066	25241091	9
chr12	25241091	25241116	8.16
chr12	25241116	25241141	6.36
chr12	25241141	25241166	3.48
chr12	25241166	25241191	2
chr12	25241191	25241216	1.96
chr12	25241216	25241241	1
chr12	25241241	25241266	1.04
chr12	25241266	25241341	1
chr12	25241341	25241366	1.12
chr12	25241366	25241416	2
chr12	25241416	25241441	2.68
chr12	25241441	25241466	3.6
chr12	25241466	25241491	4.88
chr12	25241491	25241516	5.32
chr12	25241516	25241541	6
chr12	25241541	25241566	7.32
chr12	25241566	25241591	7
chr12	25241591	25241616	7.84
chr12	25241616	25241641	7.44
chr12	25241641	25241666	6.52
chr12	25241666	25241691	6.12
chr12	25241691	25241716	6.68
chr12	25241716	25241741	7.36
chr12	25241741	25241766	6.56
chr12	25241766	25241791	6
chr12	25241791	25241816	5.16
chr12	25241816	25241841	4.88
chr12	25241841	25241866	4.36
chr12	25241866	25241891	4
chr12	25241891	25241916	3
chr12	25241916	25241941	1.64
chr12	25241941	25242041	1
chr12	25242041	25242066	0.64
chr12	25242141	25242166	0.28
chr12	25242166	25242341	1
chr12	25242341	25242366	0.72
chr12	25242491	25242516	1.08
chr12	25242516	25242541	2.72
chr12	25242541	25242566	3.28
chr12	25242566	25242591	4.36
chr12	25242591	25242691	6
chr12	25242691	25242716	4.92
chr12	25242716	25242741	3.28
chr12	25242741	25242766	2.72
chr12	25242766	25242791	1.64
chr12	25243016	25243041	0.64
chr12	25243041	25243216	1
chr12	25243216	25243241	0.52
chr12	25243241	25243266	1.76
chr12	25243266	25243291	2.64
chr12	25243291	25243316	3.52
chr12	25243316	25243341	4.04
chr12	25243341	25243366	5.32
chr12	25243366	25243416	6
chr12	25243416	25243441	5.84
chr12	25243441	25243466	4.24
chr12	25243466	25243491	3.36
chr12	25243491	25243516	2.48
chr12	25243516	25243541	1.96
chr12	25243541	25243566	0.68
chr12	25243566	25243591	0.28
chr12	25243591	25243766	1
chr12	25243766	25243791	0.72
chr12	25243991	25244016	0.44
chr12	25244016	25244041	1.2
chr12	25244041	25244191	2
chr12	25244191	25244216	1.56
chr12	25244216	25244241	0.8
chr12	25244266	25244291	0.84
chr12	25244291	25244316	1.24
chr12	25244316	25244341	2.56
chr12	25244341	25244366	3.6
chr12	25244366	25244466	4
chr12	25244466	25244491	3.16
chr12	25244491	25244516	2.76
chr12	25244516	25244541	1.44
chr12	25244541	25244566	0.4
chr12	25244616	25244641	0.88
chr12	25244641	25244816	1
chr12	25244816	25244841	0.12
chr12	25244991	25245016	0.48
chr12	25245016	25245041	1
chr12	25245041	25245066	1.44
chr12	25245066	25245191	2
chr12	25245191	25245216	1.52
chr12	25245216	25245241	1.88
chr12	25245241	25245266	1.72
chr12	25245266	25245316	2
chr12	25245316	25245341	2.28
chr12	25245341	25245416	3
chr12	25245416	25245441	2.12
chr12	25245441	25245466	1.84
chr12	25245466	25245516	1
chr12	25245516	25245541	0.72
chr12	25245616	25245641	1.52
chr12	25245641	25245691	2
chr12	25245691	25245716	2.24
chr12	25245716	25245741	3.76
chr12	25245741	25245791	4
chr12	25245791	25245816	4.72
chr12	25245816	25245841	3.48
chr12	25245841	25245891	3
chr12	25245891	25245916	2.76
chr12	25245916	25245941	2.08
chr12	25245941	25245991	2
chr12	25245991	25246016	1.28
chr12	25246016	25246116	1
chr12	25246116	25246141	0.16
chr12	25246141	25246166	0.8
chr12	25246166	25246191	2.44
chr12	25246191	25246341	3
chr12	25246341	25246366	2.2
chr12	25246366	25246391	0.56
chr12	25246391	25246416	0.68
chr12	25246416	25246441	1.84
chr12	25246441	25246516	2
chr12	25246516	25246541	2.24
chr12	25246541	25246566	3.32
chr12	25246566	25246591	4
chr12	25246591	25246616	4.12
chr12	25246616	25246641	3.16
chr12	25246641	25246716	3
chr12	25246716	25246741	2.76
chr12	25246741	25246766	1.68
chr12	25246766	25246791	1
chr12	25246791	25246816	0.2
chr12	25246841	25246866	0.76
chr12	25246866	25247041	2
chr12	25247041	25247066	2.24
chr12	25247066	25247241	1
chr12	25247241	25247266	1.64
chr12	25247266	25247316	2
chr12	25247316	25247341	2.2
chr12	25247341	25247441	3
chr12	25247441	25247466	1.36
chr12	25247466	25247516	1
chr12	25247516	25247541	0.8
chr12	25247941	25247966	0.68
chr12	25247966	25247991	1
chr12	25247991	25248016	1.88
chr12	25248016	25248141	2
chr12	25248141	25248166	2.24
chr12	25248166	25248191	2
chr12	25248191	25248216	1.12
chr12	25248216	25248291	1
chr12	25248291	25248316	1.96
chr12	25248316	25248341	2
chr12	25248341	25248366	1.32
chr12	25248366	25248391	2.36
chr12	25248391	25248491	3
chr12	25248491	25248516	2.04
chr12	25248516	25248541	2
chr12	25248541	25248566	1.76
chr12	25248566	25248591	0.64
chr12	25248591	25248616	0.12
chr12	25248616	25248766	1
chr12	25248766	25248791	1.12
chr12	25248791	25248816	1.88
chr12	25248816	25248841	1.52
chr12	25248841	25248866	2.24
chr12	25248866	25248916	3
chr12	25248916	25248941	3.16
chr12	25248941	25248966	4
chr12	25248966	25248991	3.88
chr12	25248991	25249016	3.12
chr12	25249016	25249041	3.48
chr12	25249041	25249066	2.76
chr12	25249066	25249116	2
chr12	25249116	25249141	1.84
chr12	25249141	25249166	1.48
chr12	25249166	25249191	2
chr12	25249191	25249216	1.88
chr12	25249216	25249241	1
chr12	25249241	25249266	1.92
chr12	25249266	25249341	3
chr12	25249341	25249366	2.52
chr12	25249366	25249391	2
chr12	25249391	25249416	2.16
chr12	25249416	25249441	3
chr12	25249441	25249466	2.72
chr12	25249466	25249491	2.2
chr12	25249491	25249591	3
chr12	25249591	25249616	2.84
chr12	25249616	25249641	2
chr12	25249641	25249666	1.36
chr12	25249666	25249691	0.8
chr12	25249691	25249766	1
chr12	25249766	25249791	1.92
chr12	25249791	25249866	2
chr12	25249866	25249891	2.84
chr12	25249891	25249916	2.8
chr12	25249916	25249941	6.56
chr12	25249941	25249966	9
chr12	25249966	25249991	8.68
chr12	25249991	25250016	12.8
chr12	25250016	25250041	14.88
chr12	25250041	25250066	17.36
chr12	25250066	25250091	19.8
chr12	25250091	25250116	20.52
chr12	25250116	25250141	20.6
chr12	25250141	25250166	21.64
chr12	25250166	25250191	24.28
chr12	25250191	25250216	22
chr12	25250216	25250241	20.76
chr12	25250241	25250266	18.8
chr12	25250266	25250291	16.8
chr12	25250291	25250316	20.08
chr12	25250316	25250341	19.28
chr12	25250341	25250366	17.84
chr12	25250366	25250391	18.48
chr12	25250391	25250416	18.52
chr12	25250416	25250441	21.96
chr12	25250441	25250466	23.52
chr12	25250466	25250491	23.44
chr12	25250491	25250516	19.6
chr12	25250516	25250541	16.56
chr12	25250541	25250566	14.52
chr12	25250566	25250591	10.64
chr12	25250591	25250616	8.68
chr12	25250616	25250641	4.64
chr12	25250641	25250666	5
chr12	25250666	25250691	7.48
chr12	25250691	25250716	9
chr12	25250716	25250741	10.8
chr12	25250741	25250766	12.08
chr12	25250766	25250791	13
chr12	25250791	25250816	13.4
chr12	25250816	25250841	13.76
chr12	25250841	25250866	11.32
chr12	25250866	25250891	7.64
chr12	25250891	25250916	5.64
chr12	25250916	25250941	5.08
