track type=wiggle_0 name="K562" description="H3K4Me1 Mark (Often Found Near Regulatory Elements) on K562 Cells from ENCODE"
#bedGraph section chr12:25152891-25224841
chr12	25205566	25205591	0.8
chr12	25205591	25205741	1
chr12	25205741	25205766	0.6
chr12	25206191	25206216	0.76
chr12	25206216	25206366	1
chr12	25206366	25206391	0.64
chr12	25206441	25206466	0.32
chr12	25206466	25206566	1
chr12	25206566	25206591	1.36
chr12	25206591	25206641	2
chr12	25206641	25206666	1.08
chr12	25206666	25206766	1
chr12	25206766	25206791	0.04
chr12	25206916	25206941	0.8
chr12	25206941	25207066	2
chr12	25207066	25207091	2.32
chr12	25207091	25207116	2.92
chr12	25207116	25207141	1.08
chr12	25207141	25207266	1
chr12	25207266	25207291	0.08
chr12	25207591	25207616	0.88
chr12	25207616	25207641	1.76
chr12	25207641	25207666	2
chr12	25207666	25207691	2.4
chr12	25207691	25207741	3
chr12	25207741	25207766	3.64
chr12	25207766	25207791	3.52
chr12	25207791	25207816	2.64
chr12	25207816	25207841	2
chr12	25207841	25207866	2.96
chr12	25207866	25207891	3.76
chr12	25207891	25207916	4
chr12	25207916	25207941	3.76
chr12	25207941	25207991	3
chr12	25207991	25208016	3.08
chr12	25208016	25208041	4.4
chr12	25208041	25208066	2.64
chr12	25208066	25208091	2.72
chr12	25208091	25208141	4
chr12	25208141	25208166	5.92
chr12	25208166	25208191	6
chr12	25208191	25208216	5.16
chr12	25208216	25208241	4
chr12	25208241	25208266	3.68
chr12	25208266	25208291	2.4
chr12	25208291	25208316	2
chr12	25208316	25208341	0.88
chr12	25208666	25208691	0.48
chr12	25208691	25208716	1.32
chr12	25208716	25208841	2
chr12	25208841	25208866	1.92
chr12	25208866	25208891	1
chr12	25208891	25208916	0.08
chr12	25209916	25209941	0.48
chr12	25209941	25210091	1
chr12	25210091	25210116	0.92
chr12	25210316	25210341	0.96
chr12	25210341	25210491	1
chr12	25210491	25210516	0.44
chr12	25210816	25210991	1
chr12	25210991	25211016	0.4
chr12	25211166	25211191	0.36
chr12	25211191	25211366	1
chr12	25211366	25211391	0.04
chr12	25211466	25211491	0.36
chr12	25211491	25211516	1
chr12	25211516	25211541	1.16
chr12	25211541	25211666	2
chr12	25211666	25211691	1.04
chr12	25211691	25211716	1
chr12	25211716	25211741	0.24
chr12	25211741	25211766	0.48
chr12	25211766	25211916	1
chr12	25211916	25211941	0.92
chr12	25212041	25212066	0.6
chr12	25212066	25212166	1
chr12	25212166	25212191	2.44
chr12	25212191	25212216	3
chr12	25212216	25212241	2.8
chr12	25212241	25212266	2.72
chr12	25212266	25212291	3
chr12	25212291	25212316	3.76
chr12	25212316	25212341	4
chr12	25212341	25212366	3.36
chr12	25212366	25212416	2
chr12	25212416	25212441	1.68
chr12	25212441	25212466	1
chr12	25212466	25212491	0.64
chr12	25212666	25212691	0.36
chr12	25212691	25212716	1
chr12	25212716	25212741	1.32
chr12	25212741	25212841	3
chr12	25212841	25212891	3.24
chr12	25212891	25212916	4.72
chr12	25212916	25212941	3.48
chr12	25212941	25213041	3
chr12	25213041	25213066	2.16
chr12	25213066	25213091	1.72
chr12	25213091	25213116	1.52
chr12	25213116	25213241	2
chr12	25213241	25213266	1.56
chr12	25213266	25213341	1
chr12	25213341	25213366	1.72
chr12	25213366	25213466	2
chr12	25213466	25213491	1.28
chr12	25213491	25213516	1.56
chr12	25213516	25213541	1.68
chr12	25213541	25213666	1
chr12	25213666	25213691	0.84
chr12	25213766	25213791	0.88
chr12	25213791	25213941	1
chr12	25213941	25213966	0.52
chr12	25213991	25214016	0.64
chr12	25214016	25214166	1
chr12	25214166	25214191	0.76
chr12	25214191	25214216	0.52
chr12	25214216	25214366	1
chr12	25214366	25214391	1.84
chr12	25214391	25214541	1
chr12	25214541	25214566	0.44
chr12	25214666	25214691	0.4
chr12	25214691	25214716	1.88
chr12	25214716	25214791	3
chr12	25214791	25214816	4.84
chr12	25214816	25214866	5
chr12	25214866	25214891	3.92
chr12	25214891	25214966	2
chr12	25214966	25214991	0.96
chr12	25215091	25215116	0.8
chr12	25215116	25215266	1
chr12	25215266	25215291	0.6
chr12	25215616	25215641	0.96
chr12	25215641	25215791	1
chr12	25215791	25215816	0.44
chr12	25215941	25215991	1
chr12	25215991	25216016	2.44
chr12	25216016	25216066	3
chr12	25216066	25216091	3.72
chr12	25216091	25216116	4
chr12	25216116	25216166	3.4
chr12	25216166	25216191	3.64
chr12	25216191	25216216	3
chr12	25216216	25216241	3.6
chr12	25216241	25216266	4.68
chr12	25216266	25216341	4
chr12	25216341	25216366	4.44
chr12	25216366	25216391	5.08
chr12	25216391	25216416	4.8
chr12	25216416	25216441	3.4
chr12	25216441	25216516	3
chr12	25216516	25216541	2.36
chr12	25216541	25216566	0.44
chr12	25216791	25216816	0.6
chr12	25216816	25216941	1
chr12	25216941	25216966	1.4
chr12	25216966	25216991	1.8
chr12	25216991	25217141	1
chr12	25217591	25217616	0.92
chr12	25217616	25217766	1
chr12	25217766	25217791	0.48
chr12	25217966	25217991	0.8
chr12	25217991	25218066	1
chr12	25218066	25218091	1.64
chr12	25218091	25218141	2
chr12	25218141	25218166	1.6
chr12	25218166	25218241	1
chr12	25218241	25218266	0.76
chr12	25218841	25218866	0.52
chr12	25218866	25218891	1
chr12	25218891	25218916	1.16
chr12	25218916	25218941	4.28
chr12	25218941	25219016	5
chr12	25219016	25219041	4.88
chr12	25219041	25219091	4
chr12	25219091	25219116	2.16
chr12	25219541	25219566	0.76
chr12	25219566	25219716	1
chr12	25219716	25219741	0.64
chr12	25220016	25220041	0.8
chr12	25220041	25220066	1.08
chr12	25220066	25220091	2.8
chr12	25220091	25220191	3
chr12	25220191	25220216	2.6
chr12	25220216	25220241	2.44
chr12	25220241	25220266	2.92
chr12	25220266	25220341	2
chr12	25220341	25220366	2.08
chr12	25220366	25220416	3
chr12	25220416	25220441	1.36
chr12	25220441	25220541	1
chr12	25220541	25220566	0.32
chr12	25221041	25221066	1.04
chr12	25221066	25221191	2
chr12	25221191	25221216	3
chr12	25221216	25221241	2.76
chr12	25221241	25221266	1.44
chr12	25221266	25221316	2
chr12	25221316	25221341	2.96
chr12	25221341	25221366	3
chr12	25221366	25221391	2.4
chr12	25221391	25221416	2
chr12	25221416	25221441	1.96
chr12	25221441	25221491	1
chr12	25221491	25221516	0.44
chr12	25221691	25221716	0.04
chr12	25221716	25221741	1.76
chr12	25221741	25221791	2
chr12	25221791	25221816	2.6
chr12	25221816	25221841	3
chr12	25221841	25221866	3.88
chr12	25221866	25221891	4
chr12	25221891	25221916	3
chr12	25221916	25221966	2
chr12	25221966	25221991	1.8
chr12	25221991	25222016	1.64
chr12	25222016	25222041	1.52
chr12	25222041	25222166	1
chr12	25222166	25222191	0.76
chr12	25222916	25222941	0.36
chr12	25222941	25223116	1
chr12	25223116	25223141	0.04
chr12	25223841	25223866	0.4
chr12	25223866	25224016	1
chr12	25224016	25224041	1.16
chr12	25224041	25224216	1
chr12	25224216	25224241	0.24
chr12	25224241	25224266	1.04
chr12	25224266	25224416	2
chr12	25224416	25224441	1.48
chr12	25224441	25224466	0.28
chr12	25224616	25224641	0.32
chr12	25224641	25224816	1
chr12	25224816	25224841	0.08
#bedGraph section chr12:25225216-25274791
chr12	25225216	25225241	0.32
chr12	25225241	25225416	1
chr12	25225416	25225441	0.08
chr12	25225616	25225641	1.52
chr12	25225641	25225791	2
chr12	25225791	25225816	1.28
chr12	25225866	25225891	0.16
chr12	25225891	25225916	1.2
chr12	25225916	25225966	2
chr12	25225966	25225991	2.32
chr12	25225991	25226066	3
chr12	25226066	25226091	2.24
chr12	25226091	25226116	1.2
chr12	25226116	25226166	1
chr12	25226166	25226191	0.08
chr12	25226766	25226791	1.56
chr12	25226791	25226941	2
chr12	25226941	25226966	1.24
chr12	25227516	25227541	0.64
chr12	25227541	25227691	1
chr12	25227691	25227716	0.76
chr12	25227766	25227791	0.36
chr12	25227791	25227841	1
chr12	25227841	25227866	1.72
chr12	25227866	25227966	2
chr12	25227966	25227991	1.04
chr12	25227991	25228016	1
chr12	25228016	25228041	0.68
chr12	25228141	25228166	0.44
chr12	25228166	25228191	3
chr12	25228191	25228216	3.12
chr12	25228216	25228341	4
chr12	25228341	25228366	1.76
chr12	25228366	25228391	1.24
chr12	25228391	25228416	1.28
chr12	25228416	25228566	1
chr12	25228566	25228591	0.24
chr12	25228591	25228766	1
chr12	25228766	25228791	0.32
chr12	25229291	25229316	0.12
chr12	25229316	25229491	1
chr12	25229491	25229516	0.28
chr12	25229866	25229916	1
chr12	25229916	25229941	1.6
chr12	25229941	25230041	2
chr12	25230041	25230066	1.4
chr12	25230066	25230091	1
chr12	25230091	25230116	0.8
chr12	25230116	25230141	0.56
chr12	25230141	25230266	1
chr12	25230266	25230291	2.4
chr12	25230291	25230316	3.6
chr12	25230316	25230441	3
chr12	25230441	25230491	2.4
chr12	25230491	25230641	3
chr12	25230641	25230666	2.44
chr12	25230791	25230816	0.04
chr12	25230816	25230991	1
chr12	25230991	25231016	0.36
chr12	25231066	25231091	0.88
chr12	25231091	25231241	2
chr12	25231241	25231266	2.04
chr12	25231266	25231366	1
chr12	25231366	25231391	1.44
chr12	25231391	25231416	2.36
chr12	25231416	25231441	3
chr12	25231441	25231466	2.28
chr12	25231466	25231541	2
chr12	25231541	25231566	1.96
chr12	25231566	25231591	1
chr12	25231591	25231616	0.04
chr12	25231666	25231691	0.96
chr12	25231691	25231716	1
chr12	25231716	25231741	1.44
chr12	25231741	25231841	2
chr12	25231841	25231866	1.44
chr12	25231866	25231991	1
chr12	25231991	25232016	1.28
chr12	25232016	25232091	3
chr12	25232091	25232116	2.36
chr12	25232116	25232141	2.04
chr12	25232141	25232166	3.36
chr12	25232166	25232191	4
chr12	25232191	25232216	2.52
chr12	25232216	25232316	2
chr12	25232316	25232341	1.36
chr12	25232341	25232366	0.04
chr12	25232416	25232441	0.56
chr12	25232441	25232491	1
chr12	25232491	25232516	1.32
chr12	25232516	25232591	2
chr12	25232591	25232616	1.84
chr12	25232616	25232691	1
chr12	25232691	25232716	0.08
chr12	25232866	25232891	0.64
chr12	25232891	25232966	1
chr12	25232966	25232991	1.32
chr12	25232991	25233016	2.4
chr12	25233016	25233041	3
chr12	25233041	25233066	2.96
chr12	25233066	25233091	3.12
chr12	25233091	25233141	4
chr12	25233141	25233166	4.36
chr12	25233166	25233191	4.08
chr12	25233191	25233216	3
chr12	25233216	25233241	3.24
chr12	25233241	25233266	3.2
chr12	25233266	25233291	2.28
chr12	25233291	25233341	2
chr12	25233341	25233366	1.04
chr12	25233366	25233391	1.2
chr12	25233391	25233416	2
chr12	25233416	25233441	1.16
chr12	25233441	25233566	1
chr12	25233566	25233591	0.44
chr12	25233591	25233766	1
chr12	25233766	25233791	0.16
chr12	25234191	25234216	0.36
chr12	25234216	25234241	1
chr12	25234241	25234266	1.36
chr12	25234266	25234291	2.88
chr12	25234291	25234391	3
chr12	25234391	25234416	2.04
chr12	25234416	25234441	2
chr12	25234441	25234466	0.56
chr12	25234716	25234741	0.92
chr12	25234741	25234841	1
chr12	25234841	25234866	1.28
chr12	25234866	25234891	2
chr12	25234891	25234916	1.48
chr12	25234916	25235041	1
chr12	25235041	25235066	0.12
chr12	25235291	25235316	0.32
chr12	25235316	25235341	2.04
chr12	25235341	25235491	3
chr12	25235491	25235516	2.56
chr12	25235516	25235541	1.28
chr12	25235541	25235641	1
chr12	25235641	25235666	1.96
chr12	25235666	25235691	1.4
chr12	25235691	25235791	1
chr12	25235791	25235816	2
chr12	25235816	25235841	1.8
chr12	25235841	25235866	2.48
chr12	25235866	25235891	3.32
chr12	25235891	25235941	4
chr12	25235941	25235966	4.32
chr12	25235966	25235991	5.24
chr12	25235991	25236016	6
chr12	25236016	25236041	4.96
chr12	25236041	25236066	5.72
chr12	25236066	25236091	5.52
chr12	25236091	25236116	6
chr12	25236116	25236141	6.32
chr12	25236141	25236166	5.72
chr12	25236166	25236191	4.48
chr12	25236191	25236216	5.68
chr12	25236216	25236241	5.08
chr12	25236241	25236266	4.88
chr12	25236266	25236291	4.16
chr12	25236291	25236316	5
chr12	25236316	25236341	4.96
chr12	25236341	25236366	6.84
chr12	25236366	25236391	6.96
chr12	25236391	25236416	7.12
chr12	25236416	25236441	7.48
chr12	25236441	25236466	8.52
chr12	25236466	25236491	8.68
chr12	25236491	25236516	8.92
chr12	25236516	25236541	6.88
chr12	25236541	25236566	5.56
chr12	25236566	25236591	5.8
chr12	25236591	25236616	5.72
chr12	25236616	25236641	5.28
chr12	25236641	25236666	3.96
chr12	25236666	25236691	3.76
chr12	25236691	25236716	4.96
chr12	25236716	25236741	4.92
chr12	25236741	25236766	4.48
chr12	25236766	25236791	4.56
chr12	25236791	25236816	6.16
chr12	25236816	25236841	8.32
chr12	25236841	25236866	9.08
chr12	25236866	25236891	8.44
chr12	25236891	25236916	8
chr12	25236916	25236941	7.92
chr12	25236941	25236966	7
chr12	25236966	25236991	4.68
chr12	25236991	25237016	2.88
chr12	25237016	25237041	1.96
chr12	25237041	25237091	1
chr12	25237091	25237116	1.72
chr12	25237116	25237191	2
chr12	25237191	25237216	1.96
chr12	25237216	25237241	2
chr12	25237241	25237291	2.68
chr12	25237291	25237366	2
chr12	25237366	25237391	2.2
chr12	25237391	25237416	2.56
chr12	25237416	25237441	4.08
chr12	25237441	25237466	4.8
chr12	25237466	25237541	5
chr12	25237541	25237566	4.8
chr12	25237566	25237591	3.84
chr12	25237591	25237616	2.44
chr12	25237616	25237641	0.6
chr12	25237741	25237766	0.92
chr12	25237766	25237916	1
chr12	25237916	25237941	0.48
chr12	25238066	25238091	0.04
chr12	25238091	25238216	1
chr12	25238216	25238241	1.48
chr12	25238241	25238266	2
chr12	25238266	25238291	1.36
chr12	25238291	25238341	1
chr12	25238341	25238366	1.04
chr12	25238366	25238391	2
chr12	25238391	25238416	1.92
chr12	25238416	25238541	1
chr12	25238541	25238566	0.36
chr12	25238916	25238941	1.84
chr12	25238941	25239091	2
chr12	25239091	25239116	0.96
chr12	25239291	25239316	0.12
chr12	25239316	25239491	1
chr12	25239491	25239516	0.28
chr12	25239691	25239716	1.28
chr12	25239716	25239891	2
chr12	25239891	25239941	1
chr12	25239941	25239966	1.56
chr12	25239966	25240041	2
chr12	25240041	25240066	1.92
chr12	25240066	25240116	1
chr12	25240116	25240141	1.72
chr12	25240141	25240266	1
chr12	25240266	25240291	1.16
chr12	25240291	25240316	1.52
chr12	25240316	25240341	1
chr12	25240341	25240366	1.32
chr12	25240366	25240391	2.2
chr12	25240391	25240466	3
chr12	25240466	25240491	2.24
chr12	25240491	25240541	2
chr12	25240541	25240566	1.08
chr12	25240566	25240591	0.2
chr12	25240791	25240816	0.8
chr12	25240816	25240841	1.24
chr12	25240841	25240966	2
chr12	25240966	25240991	2.08
chr12	25240991	25241016	2
chr12	25241016	25241041	1.16
chr12	25241041	25241141	1
chr12	25241141	25241166	0.92
chr12	25241291	25241316	0.32
chr12	25241316	25241416	1
chr12	25241416	25241441	1.44
chr12	25241441	25241491	2
chr12	25241491	25241516	1.08
chr12	25241516	25241541	2.92
chr12	25241541	25241566	4.76
chr12	25241566	25241591	5.8
chr12	25241591	25241616	5.96
chr12	25241616	25241641	5.56
chr12	25241641	25241666	6.28
chr12	25241666	25241691	7.72
chr12	25241691	25241716	8.72
chr12	25241716	25241741	7.6
chr12	25241741	25241766	6.68
chr12	25241766	25241791	7
chr12	25241791	25241816	6.84
chr12	25241816	25241841	6
chr12	25241841	25241866	4.92
chr12	25241866	25241891	3.24
chr12	25241891	25241916	1.44
chr12	25241916	25242041	1
chr12	25242041	25242116	2
chr12	25242116	25242141	1.72
chr12	25242141	25242216	1
chr12	25242216	25242241	0.4
chr12	25242541	25242566	0.72
chr12	25242566	25242716	1
chr12	25242716	25242741	0.68
chr12	25242741	25242766	0.96
chr12	25242766	25242791	1.2
chr12	25242791	25242916	2
chr12	25242916	25242941	1.88
chr12	25242941	25242966	2
chr12	25242966	25242991	1.44
chr12	25242991	25243016	2
chr12	25243016	25243041	2.44
chr12	25243041	25243066	4.24
chr12	25243066	25243091	5
chr12	25243091	25243116	5.08
chr12	25243116	25243141	5.68
chr12	25243141	25243166	6.04
chr12	25243166	25243191	6.16
chr12	25243191	25243216	5.96
chr12	25243216	25243241	5.28
chr12	25243241	25243266	7.76
chr12	25243266	25243291	10
chr12	25243291	25243316	9
chr12	25243316	25243341	8
chr12	25243341	25243366	7.8
chr12	25243366	25243391	8.64
chr12	25243391	25243416	8.96
chr12	25243416	25243441	7.64
chr12	25243441	25243466	4.56
chr12	25243466	25243491	4
chr12	25243491	25243516	4.52
chr12	25243516	25243541	4.96
chr12	25243541	25243566	4.64
chr12	25243566	25243591	4
chr12	25243591	25243616	2.96
chr12	25243616	25243666	2
chr12	25243666	25243691	1.88
chr12	25243691	25243716	1
chr12	25243716	25243741	0.52
chr12	25243991	25244016	0.12
chr12	25244016	25244066	1
chr12	25244066	25244091	1.8
chr12	25244091	25244191	3
chr12	25244191	25244216	3.12
chr12	25244216	25244241	3
chr12	25244241	25244266	3.08
chr12	25244266	25244291	2.28
chr12	25244291	25244366	2
chr12	25244366	25244391	2.64
chr12	25244391	25244416	3.16
chr12	25244416	25244441	4.56
chr12	25244441	25244466	4.04
chr12	25244466	25244491	4.56
chr12	25244491	25244541	5
chr12	25244541	25244566	4.4
chr12	25244566	25244591	3.72
chr12	25244591	25244616	3.08
chr12	25244616	25244641	2
chr12	25244641	25244666	1.84
chr12	25244666	25244691	1.92
chr12	25244691	25244716	2.6
chr12	25244716	25244766	3
chr12	25244766	25244841	2
chr12	25244841	25244866	1.48
chr12	25244866	25244891	0.8
chr12	25244916	25244941	0.48
chr12	25244941	25244991	1
chr12	25244991	25245016	1.6
chr12	25245016	25245041	2.48
chr12	25245041	25245066	3.12
chr12	25245066	25245091	5.32
chr12	25245091	25245116	5.92
chr12	25245116	25245141	5
chr12	25245141	25245166	5.88
chr12	25245166	25245191	6.92
chr12	25245191	25245216	7.48
chr12	25245216	25245241	8.28
chr12	25245241	25245266	8.52
chr12	25245266	25245291	7
chr12	25245291	25245316	7.12
chr12	25245316	25245341	7.52
chr12	25245341	25245366	6.52
chr12	25245366	25245391	6.48
chr12	25245391	25245416	5.24
chr12	25245416	25245441	3.76
chr12	25245441	25245466	5.16
chr12	25245466	25245491	7.36
chr12	25245491	25245516	7.44
chr12	25245516	25245541	9.76
chr12	25245541	25245566	11.24
chr12	25245566	25245591	10.6
chr12	25245591	25245616	11.08
chr12	25245616	25245641	11.2
chr12	25245641	25245666	11.72
chr12	25245666	25245691	12
chr12	25245691	25245716	13.32
chr12	25245716	25245741	14.44
chr12	25245741	25245766	14.88
chr12	25245766	25245791	17.24
chr12	25245791	25245816	19.56
chr12	25245816	25245841	23.16
chr12	25245841	25245866	22.2
chr12	25245866	25245891	22.84
chr12	25245891	25245916	19.52
chr12	25245916	25245941	19.8
chr12	25245941	25245966	19.2
chr12	25245966	25245991	18.08
chr12	25245991	25246016	14.48
chr12	25246016	25246066	10
chr12	25246066	25246091	8
chr12	25246091	25246116	6.76
chr12	25246116	25246141	6.36
chr12	25246141	25246166	5.12
chr12	25246166	25246191	5.32
chr12	25246191	25246216	6.64
chr12	25246216	25246241	7.56
chr12	25246241	25246266	10.32
chr12	25246266	25246291	12
chr12	25246291	25246316	11.12
chr12	25246316	25246341	10
chr12	25246341	25246366	8.84
chr12	25246366	25246391	7.04
chr12	25246391	25246416	6
chr12	25246416	25246441	5.96
chr12	25246441	25246466	5.48
chr12	25246466	25246516	6
chr12	25246516	25246541	6.88
chr12	25246541	25246566	7.28
chr12	25246566	25246591	8
chr12	25246591	25246616	6.28
chr12	25246616	25246641	5.08
chr12	25246641	25246666	3.08
chr12	25246666	25246691	3
chr12	25246691	25246716	2.52
chr12	25246716	25246741	2
chr12	25246741	25246766	1.32
chr12	25246766	25246791	2
chr12	25246791	25246816	1.12
chr12	25246816	25246841	1
chr12	25246841	25246866	1.28
chr12	25246866	25246941	2
chr12	25246941	25246966	2.08
chr12	25246966	25247041	2
chr12	25247041	25247066	1.12
chr12	25247066	25247091	1
chr12	25247091	25247116	1.68
chr12	25247116	25247141	1.52
chr12	25247141	25247216	1
chr12	25247216	25247241	2.8
chr12	25247241	25247266	4
chr12	25247266	25247291	6.08
chr12	25247291	25247316	6
chr12	25247316	25247341	6.96
chr12	25247341	25247366	9.36
chr12	25247366	25247391	10.6
chr12	25247391	25247416	10.4
chr12	25247416	25247441	9.28
chr12	25247441	25247466	9.88
chr12	25247466	25247491	9
chr12	25247491	25247516	8.8
chr12	25247516	25247541	8.12
chr12	25247541	25247566	6.8
chr12	25247566	25247591	6.72
chr12	25247591	25247616	8.16
chr12	25247616	25247641	9.04
chr12	25247641	25247666	8
chr12	25247666	25247691	9.8
chr12	25247691	25247716	9.68
chr12	25247716	25247766	9.92
chr12	25247766	25247791	7.92
chr12	25247791	25247816	5.92
chr12	25247816	25247841	4
chr12	25247841	25247866	3
chr12	25247866	25247891	1.76
chr12	25247891	25247916	1.24
chr12	25247916	25247941	1.04
chr12	25247941	25248016	2
chr12	25248016	25248041	2.32
chr12	25248041	25248066	3
chr12	25248066	25248091	2.76
chr12	25248091	25248116	2
chr12	25248116	25248141	2.44
chr12	25248141	25248216	3
chr12	25248216	25248241	2.08
chr12	25248241	25248291	2
chr12	25248291	25248316	4.28
chr12	25248316	25248341	4
chr12	25248341	25248366	4.72
chr12	25248366	25248416	5
chr12	25248416	25248441	5.32
chr12	25248441	25248466	6
chr12	25248466	25248491	5.84
chr12	25248491	25248516	4.2
chr12	25248516	25248541	3.76
chr12	25248541	25248591	4
chr12	25248591	25248616	4.16
chr12	25248616	25248641	4.68
chr12	25248641	25248666	4.4
chr12	25248666	25248691	3.96
chr12	25248691	25248716	4.8
chr12	25248716	25248741	4.68
chr12	25248741	25248766	5.92
chr12	25248766	25248791	6
chr12	25248791	25248816	5.04
chr12	25248816	25248841	4
chr12	25248841	25248866	3.84
chr12	25248866	25248891	2.6
chr12	25248891	25248916	2
chr12	25248916	25248941	0.52
chr12	25248941	25248966	0.8
chr12	25248966	25248991	1.72
chr12	25248991	25249091	2
chr12	25249091	25249116	3.36
chr12	25249116	25249141	4.6
chr12	25249141	25249166	3.68
chr12	25249166	25249191	3.84
chr12	25249191	25249216	4
chr12	25249216	25249241	5.4
chr12	25249241	25249266	6.72
chr12	25249266	25249291	6.76
chr12	25249291	25249316	4.08
chr12	25249316	25249341	4
chr12	25249341	25249366	3.88
chr12	25249366	25249391	4
chr12	25249391	25249416	4.32
chr12	25249416	25249441	2.68
chr12	25249441	25249466	2.44
chr12	25249466	25249491	3
chr12	25249491	25249516	3.76
chr12	25249516	25249541	4
chr12	25249541	25249566	3.08
chr12	25249566	25249591	2.72
chr12	25249591	25249616	3.08
chr12	25249616	25249641	4.52
chr12	25249641	25249666	4.44
chr12	25249666	25249691	5.64
chr12	25249691	25249716	5.4
chr12	25249716	25249741	9
chr12	25249741	25249766	10.52
chr12	25249766	25249791	13.52
chr12	25249791	25249816	14.88
chr12	25249816	25249841	14.2
chr12	25249841	25249866	14.88
chr12	25249866	25249891	17.64
chr12	25249891	25249916	16.44
chr12	25249916	25249941	18.08
chr12	25249941	25249966	15.08
chr12	25249966	25249991	13.2
chr12	25249991	25250016	15
chr12	25250016	25250041	17.52
chr12	25250041	25250066	17.36
chr12	25250066	25250091	16.8
chr12	25250091	25250116	16.76
chr12	25250116	25250141	15
chr12	25250141	25250166	14.28
chr12	25250166	25250191	12.48
chr12	25250191	25250216	9.32
chr12	25250216	25250241	7.2
chr12	25250241	25250266	5.6
chr12	25250266	25250291	2.72
chr12	25250291	25250316	2.28
chr12	25250316	25250366	3
chr12	25250366	25250391	2.44
chr12	25250391	25250416	1.36
chr12	25250416	25250491	1
chr12	25250491	25250516	0.12
