track type=wiggle_0 name="K562" description="H3K4Me3 Mark (Often Found Near Promoters) on K562 Cells from ENCODE"
#bedGraph section chr12:25199916-25256966
chr12	25205291	25205316	0.12
chr12	25205316	25205341	1.2
chr12	25205341	25205491	2
chr12	25205491	25205516	2.56
chr12	25205516	25205541	5.96
chr12	25205541	25205691	6
chr12	25205691	25205716	5.32
chr12	25205716	25205741	2.68
chr12	25205741	25205791	2
chr12	25205791	25205816	3.2
chr12	25205816	25205841	4.84
chr12	25205841	25205916	6
chr12	25205916	25205941	4.16
chr12	25205941	25205991	4
chr12	25205991	25206016	2.8
chr12	25206016	25206041	2.12
chr12	25206041	25206216	1
chr12	25206216	25206241	0.04
chr12	25206516	25206541	0.24
chr12	25206541	25206716	1
chr12	25206716	25206741	0.76
chr12	25206816	25206841	0.96
chr12	25206841	25206916	1
chr12	25206916	25206941	1.04
chr12	25206941	25207016	2
chr12	25207016	25207041	1.8
chr12	25207041	25207116	2
chr12	25207116	25207141	2.2
chr12	25207141	25207166	2.16
chr12	25207166	25207216	3
chr12	25207216	25207241	2.24
chr12	25207241	25207316	2
chr12	25207316	25207341	1.76
chr12	25207341	25207366	0.84
chr12	25207666	25207691	0.12
chr12	25207691	25207866	1
chr12	25207866	25207891	0.88
chr12	25207966	25207991	1.92
chr12	25207991	25208016	3.68
chr12	25208016	25208116	4
chr12	25208116	25208141	4.88
chr12	25208141	25208166	6
chr12	25208166	25208191	4.08
chr12	25208191	25208216	2.32
chr12	25208216	25208291	2
chr12	25208291	25208316	2.52
chr12	25208316	25208341	2.12
chr12	25208341	25208441	1
chr12	25208441	25208466	1.84
chr12	25208466	25208491	2
chr12	25208491	25208516	1.48
chr12	25208516	25208591	1
chr12	25208591	25208616	1.28
chr12	25208616	25208641	2.76
chr12	25208641	25208666	4.08
chr12	25208666	25208716	4
chr12	25208716	25208741	4.84
chr12	25208741	25208766	5
chr12	25208766	25208791	5.28
chr12	25208791	25208816	5.72
chr12	25208816	25208841	4.24
chr12	25208841	25208866	2.08
chr12	25208866	25208916	2
chr12	25208916	25208941	1.16
chr12	25208941	25208966	1
chr12	25208966	25208991	1.64
chr12	25208991	25209116	1
chr12	25209116	25209141	1.56
chr12	25209141	25209166	2
chr12	25209166	25209191	1.08
chr12	25209191	25209216	1
chr12	25209216	25209241	2.16
chr12	25209241	25209266	3
chr12	25209266	25209291	3.08
chr12	25209291	25209316	4
chr12	25209316	25209341	3.44
chr12	25209341	25209416	3
chr12	25209416	25209441	1.84
chr12	25209441	25209466	1
chr12	25209466	25209491	1.36
chr12	25209491	25209516	1
chr12	25209516	25209541	1.32
chr12	25209541	25209566	2.32
chr12	25209566	25209616	4
chr12	25209616	25209641	4.24
chr12	25209641	25209666	5.84
chr12	25209666	25209691	6.56
chr12	25209691	25209716	6
chr12	25209716	25209741	5.68
chr12	25209741	25209766	4.68
chr12	25209766	25209816	3
chr12	25209816	25209841	2.76
chr12	25209841	25209866	1.72
chr12	25209866	25209891	1.04
chr12	25209891	25210041	2
chr12	25210041	25210066	1.44
chr12	25210066	25210091	0.96
chr12	25210141	25210166	0.52
chr12	25210166	25210191	1.08
chr12	25210191	25210216	2
chr12	25210216	25210341	3
chr12	25210341	25210366	2.48
chr12	25210366	25210391	1.92
chr12	25210391	25210416	1.4
chr12	25210416	25210441	2
chr12	25210441	25210466	2.48
chr12	25210466	25210541	3
chr12	25210541	25210566	3.08
chr12	25210566	25210591	4
chr12	25210591	25210616	3.6
chr12	25210616	25210641	2
chr12	25210641	25210666	1.52
chr12	25210666	25210741	1
chr12	25210741	25210766	0.92
chr12	25210841	25210866	0.96
chr12	25210866	25211041	1
chr12	25211041	25211066	0.04
chr12	25211241	25211266	0.2
chr12	25211266	25211316	1
chr12	25211316	25211341	1.24
chr12	25211341	25211441	2
chr12	25211441	25211466	1.8
chr12	25211466	25211516	1
chr12	25211516	25211541	0.76
chr12	25211791	25211816	0.6
chr12	25211816	25211841	1.48
chr12	25211841	25211991	3
chr12	25211991	25212016	2.4
chr12	25212016	25212041	1.52
chr12	25212091	25212116	0.8
chr12	25212116	25212291	1
chr12	25212291	25212316	0.2
chr12	25212566	25212591	0.32
chr12	25212591	25212766	1
chr12	25212766	25212791	0.68
chr12	25213316	25213341	0.36
chr12	25213341	25213516	1
chr12	25213516	25213541	0.64
chr12	25213541	25213566	0.16
chr12	25213566	25213591	1.96
chr12	25213591	25213741	2
chr12	25213741	25213766	1.84
chr12	25213766	25213791	0.04
chr12	25213866	25213891	0.24
chr12	25213891	25214066	1
chr12	25214066	25214091	0.76
chr12	25214616	25214641	0.52
chr12	25214641	25214766	1
chr12	25214766	25214791	1.28
chr12	25214791	25214816	2
chr12	25214816	25214841	1.48
chr12	25214841	25214891	1
chr12	25214891	25214916	1.6
chr12	25214916	25214966	2
chr12	25214966	25214991	1.72
chr12	25214991	25215091	1
chr12	25215091	25215116	0.4
chr12	25215516	25215541	0.56
chr12	25215541	25215566	1.96
chr12	25215566	25215716	2
chr12	25215716	25215741	1.44
chr12	25215741	25215766	0.04
chr12	25215766	25215791	0.72
chr12	25215791	25215816	1
chr12	25215816	25215841	1.36
chr12	25215841	25215966	2
chr12	25215966	25215991	1.72
chr12	25215991	25216016	2
chr12	25216016	25216041	1.64
chr12	25216041	25216166	1
chr12	25216166	25216191	0.56
chr12	25216291	25216316	0.12
chr12	25216316	25216491	2
chr12	25216491	25216516	1.88
chr12	25216541	25216566	0.48
chr12	25216566	25216741	1
chr12	25216741	25216766	1.16
chr12	25216766	25216791	1
chr12	25216791	25216816	1.48
chr12	25216816	25216841	2.56
chr12	25216841	25216891	3
chr12	25216891	25216916	3.84
chr12	25216916	25216941	6
chr12	25216941	25216966	5.36
chr12	25216966	25216991	5
chr12	25216991	25217016	4.52
chr12	25217016	25217041	3.44
chr12	25217041	25217091	3
chr12	25217091	25217116	2.16
chr12	25217491	25217516	0.08
chr12	25217516	25217591	1
chr12	25217591	25217616	1.88
chr12	25217616	25217691	2
chr12	25217691	25217716	1.92
chr12	25217716	25217791	1
chr12	25217791	25217816	0.12
chr12	25217841	25217866	0.52
chr12	25217866	25217916	1
chr12	25217916	25217941	1.6
chr12	25217941	25218041	2
chr12	25218041	25218066	1.48
chr12	25218066	25218116	1
chr12	25218116	25218141	0.4
chr12	25218491	25218516	0.32
chr12	25218516	25218691	1
chr12	25218691	25218716	0.68
chr12	25219291	25219316	0.32
chr12	25219316	25219341	3.64
chr12	25219341	25219416	4
chr12	25219416	25219441	4.84
chr12	25219441	25219466	5.56
chr12	25219466	25219491	6.72
chr12	25219491	25219516	6.68
chr12	25219516	25219541	3.36
chr12	25219541	25219566	3
chr12	25219566	25219591	3.28
chr12	25219591	25219616	4
chr12	25219616	25219641	4.12
chr12	25219641	25219666	3.44
chr12	25219666	25219691	2.28
chr12	25219691	25219766	2
chr12	25219766	25219791	1.72
chr12	25219791	25219816	1
chr12	25219816	25219841	0.04
chr12	25219966	25219991	0.68
chr12	25219991	25220041	1
chr12	25220041	25220066	1.08
chr12	25220066	25220091	3
chr12	25220091	25220116	3.6
chr12	25220116	25220141	4.96
chr12	25220141	25220166	6
chr12	25220166	25220191	5.32
chr12	25220191	25220241	5
chr12	25220241	25220266	4.92
chr12	25220266	25220291	3
chr12	25220291	25220316	2.4
chr12	25220316	25220341	1.2
chr12	25220341	25220416	1
chr12	25220416	25220441	1.64
chr12	25220441	25220516	2
chr12	25220516	25220541	1.88
chr12	25220541	25220616	2
chr12	25220616	25220641	1.36
chr12	25220641	25220716	1
chr12	25220716	25220741	1.76
chr12	25220741	25220766	1
chr12	25220766	25220791	1.24
chr12	25220791	25220916	2
chr12	25220916	25220941	1.2
chr12	25220941	25220966	1
chr12	25220966	25220991	0.76
chr12	25221041	25221066	0.68
chr12	25221066	25221141	1
chr12	25221141	25221166	1.96
chr12	25221166	25221241	2
chr12	25221241	25221266	1.32
chr12	25221266	25221341	1
chr12	25221341	25221366	0.16
chr12	25221366	25221541	1
chr12	25221541	25221566	0.88
chr12	25221966	25221991	0.08
chr12	25221991	25222166	2
chr12	25222166	25222191	1.92
chr12	25222191	25222216	1.68
chr12	25222216	25222316	2
chr12	25222316	25222341	2.4
chr12	25222341	25222366	4.8
chr12	25222366	25222391	5
chr12	25222391	25222416	3.32
chr12	25222416	25222441	4.92
chr12	25222441	25222516	5
chr12	25222516	25222541	4.6
chr12	25222541	25222566	2.2
chr12	25222566	25222616	2
chr12	25222616	25222641	0.08
chr12	25222691	25222716	0.8
chr12	25222716	25222891	1
chr12	25222891	25222916	0.2
chr12	25222916	25222941	0.96
chr12	25222941	25222966	1
chr12	25222966	25222991	1.24
chr12	25222991	25223116	2
chr12	25223116	25223141	1.04
chr12	25223141	25223166	1
chr12	25223166	25223191	0.76
chr12	25223316	25223341	0.48
chr12	25223341	25223516	1
chr12	25223516	25223541	0.52
chr12	25223641	25223666	4.64
chr12	25223666	25223841	6
chr12	25223841	25223866	2.04
chr12	25223866	25223966	1
chr12	25223966	25223991	1.2
chr12	25223991	25224041	2
chr12	25224041	25224066	1.32
chr12	25224066	25224116	1
chr12	25224116	25224141	1.08
chr12	25224141	25224166	2
chr12	25224166	25224191	1.8
chr12	25224191	25224291	1
chr12	25224291	25224316	1.8
chr12	25224316	25224341	1.92
chr12	25224341	25224491	1
chr12	25224491	25224516	1.12
chr12	25224516	25224691	1
chr12	25224691	25224716	0.08
chr12	25224891	25224916	0.12
chr12	25224916	25224991	3
chr12	25224991	25225016	3.92
chr12	25225016	25225091	4
chr12	25225091	25225116	3.88
chr12	25225116	25225141	1
chr12	25225141	25225166	2.76
chr12	25225166	25225191	3
chr12	25225191	25225216	2.08
chr12	25225216	25225341	2
chr12	25225341	25225366	0.24
chr12	25225416	25225441	1.92
chr12	25225441	25225516	2
chr12	25225516	25225541	2.2
chr12	25225541	25225616	3
chr12	25225616	25225641	1.08
chr12	25225641	25225716	1
chr12	25225716	25225741	0.8
chr12	25225816	25225841	0.88
chr12	25225841	25225866	1.04
chr12	25225866	25225966	2
chr12	25225966	25225991	2.8
chr12	25225991	25226016	3
chr12	25226016	25226041	2.12
chr12	25226041	25226066	1.96
chr12	25226066	25226091	1.24
chr12	25226091	25226141	2
chr12	25226141	25226166	2.72
chr12	25226166	25226191	3.2
chr12	25226191	25226216	3.88
chr12	25226216	25226266	4
chr12	25226266	25226291	4.32
chr12	25226291	25226341	4
chr12	25226341	25226366	3.28
chr12	25226366	25226391	2
chr12	25226391	25226416	1.12
chr12	25226416	25226466	1
chr12	25226466	25226491	0.44
chr12	25226766	25226791	0.76
chr12	25226791	25226966	1
chr12	25226966	25226991	0.24
chr12	25227166	25227191	0.8
chr12	25227191	25227341	1
chr12	25227341	25227366	1.72
chr12	25227366	25227391	1.2
chr12	25227391	25227466	1
chr12	25227466	25227491	1.96
chr12	25227491	25227541	2
chr12	25227541	25227566	2.72
chr12	25227566	25227666	3
chr12	25227666	25227691	2.04
chr12	25227691	25227741	2
chr12	25227741	25227766	0.56
chr12	25227791	25227816	0.16
chr12	25227816	25227991	1
chr12	25227991	25228016	0.84
chr12	25228241	25228266	0.12
chr12	25228266	25228316	1
chr12	25228316	25228341	1.92
chr12	25228341	25228391	2
chr12	25228391	25228416	2.76
chr12	25228416	25228441	3.56
chr12	25228441	25228466	3.88
chr12	25228466	25228491	3.12
chr12	25228491	25228516	4
chr12	25228516	25228541	3.08
chr12	25228541	25228591	3
chr12	25228591	25228616	2.24
chr12	25228616	25228641	1.44
chr12	25228641	25228666	1
chr12	25228666	25228691	0.88
chr12	25228766	25228791	0.76
chr12	25228791	25228966	1
chr12	25228966	25228991	0.4
chr12	25228991	25229066	1
chr12	25229066	25229091	1.44
chr12	25229091	25229166	2
chr12	25229166	25229191	1.84
chr12	25229191	25229266	1
chr12	25229266	25229291	0.56
chr12	25229641	25229666	0.96
chr12	25229666	25229716	1
chr12	25229716	25229741	1.32
chr12	25229741	25229841	2
chr12	25229841	25229866	1.04
chr12	25229866	25229916	1
chr12	25229916	25229941	0.68
chr12	25229991	25230016	0.72
chr12	25230016	25230191	1
chr12	25230191	25230216	0.28
chr12	25230466	25230666	1
chr12	25231091	25231116	0.96
chr12	25231116	25231291	1
chr12	25231291	25231316	0.04
chr12	25231341	25231366	0.92
chr12	25231366	25231391	1
chr12	25231391	25231416	1.68
chr12	25231416	25231441	2.48
chr12	25231441	25231466	3
chr12	25231466	25231491	3.36
chr12	25231491	25231541	4
chr12	25231541	25231566	3.08
chr12	25231566	25231591	3
chr12	25231591	25231616	2.32
chr12	25231616	25231641	1.52
chr12	25231641	25231666	1
chr12	25231666	25231691	0.64
chr12	25231941	25231966	0.84
chr12	25231966	25231991	1
chr12	25231991	25232016	1.28
chr12	25232016	25232141	2
chr12	25232141	25232166	1.16
chr12	25232166	25232191	1
chr12	25232191	25232216	0.88
chr12	25232216	25232391	1
chr12	25232391	25232416	1.84
chr12	25232416	25232466	1
chr12	25232466	25232491	1.56
chr12	25232491	25232591	2
chr12	25232591	25232666	1
chr12	25232666	25232691	0.44
chr12	25233366	25233391	0.8
chr12	25233391	25233441	1
chr12	25233441	25233466	1.08
chr12	25233466	25233491	2.76
chr12	25233491	25233516	3.68
chr12	25233516	25233541	4
chr12	25233541	25233566	4.52
chr12	25233566	25233591	4.2
chr12	25233591	25233616	4
chr12	25233616	25233641	4.28
chr12	25233641	25233666	4.92
chr12	25233666	25233691	3.24
chr12	25233691	25233716	2.32
chr12	25233716	25233741	2.52
chr12	25233741	25233766	2.48
chr12	25233766	25233816	2
chr12	25233816	25233841	1.72
chr12	25233841	25233866	1.4
chr12	25233866	25233916	3
chr12	25233916	25233941	2.48
chr12	25233941	25233966	2
chr12	25233966	25233991	2.6
chr12	25233991	25234041	3
chr12	25234041	25234066	2.6
chr12	25234066	25234166	1
chr12	25234166	25234191	0.4
chr12	25234566	25234591	0.2
chr12	25234591	25234741	1
chr12	25234741	25234766	2
chr12	25234766	25234791	3.08
chr12	25234791	25234916	3
chr12	25234916	25234941	3.96
chr12	25234941	25234966	3
chr12	25234966	25234991	2.2
chr12	25234991	25235116	3
chr12	25235116	25235141	2.04
chr12	25235141	25235166	2
chr12	25235166	25235191	1.52
chr12	25235241	25235266	0.96
chr12	25235266	25235441	1
chr12	25235441	25235466	0.04
chr12	25235516	25235541	0.6
chr12	25235541	25235691	1
chr12	25235691	25235716	1.24
chr12	25235716	25235741	1.4
chr12	25235741	25235891	1
chr12	25235891	25235916	0.76
chr12	25236016	25236041	0.2
chr12	25236041	25236216	1
chr12	25236216	25236241	0.8
chr12	25236316	25236341	0.04
chr12	25236341	25236366	1
chr12	25236366	25236391	1.24
chr12	25236391	25236516	2
chr12	25236516	25236541	1.96
chr12	25236541	25236566	1
chr12	25236566	25236591	0.76
chr12	25236766	25236791	0.52
chr12	25236791	25236841	1
chr12	25236841	25236866	1.8
chr12	25236866	25236941	2
chr12	25236941	25236966	2.44
chr12	25236966	25236991	2.48
chr12	25236991	25237041	2
chr12	25237041	25237066	1.2
chr12	25237066	25237091	1
chr12	25237091	25237116	1.08
chr12	25237116	25237141	2
chr12	25237141	25237166	1.56
chr12	25237166	25237266	1
chr12	25237266	25237291	1.68
chr12	25237291	25237316	1.92
chr12	25237316	25237341	1
chr12	25237341	25237366	1.24
chr12	25237366	25237441	3
chr12	25237441	25237466	3.16
chr12	25237466	25237491	4.2
chr12	25237491	25237541	4
chr12	25237541	25237566	3.76
chr12	25237566	25237591	2
chr12	25237591	25237616	2.4
chr12	25237616	25237641	3
chr12	25237641	25237666	2.84
chr12	25237666	25237691	1.12
chr12	25237691	25237716	1.52
chr12	25237716	25237766	2
chr12	25237766	25237791	2.08
chr12	25237791	25237816	2.6
chr12	25237816	25237891	2
chr12	25237891	25237916	1.48
chr12	25237916	25237966	1
chr12	25237966	25237991	0.92
chr12	25238141	25238166	0.8
chr12	25238166	25238291	1
chr12	25238291	25238316	2.6
chr12	25238316	25238341	5
chr12	25238341	25238366	4.2
chr12	25238366	25238441	4
chr12	25238441	25238466	4.72
chr12	25238466	25238491	6
chr12	25238491	25238516	4.4
chr12	25238516	25238541	2
chr12	25238541	25238566	2.84
chr12	25238566	25238591	3
chr12	25238591	25238616	3.6
chr12	25238616	25238641	4
chr12	25238641	25238666	3.28
chr12	25238666	25238741	2
chr12	25238741	25238766	1.16
chr12	25238766	25238816	1.96
chr12	25238816	25238966	2
chr12	25238966	25238991	1.04
chr12	25238991	25239016	1.4
chr12	25239016	25239191	2
chr12	25239191	25239216	1.04
chr12	25239541	25239566	0.76
chr12	25239566	25239741	1
chr12	25239741	25239766	0.24
chr12	25239966	25239991	0.48
chr12	25239991	25240091	1
chr12	25240091	25240116	1.6
chr12	25240116	25240166	2
chr12	25240166	25240191	1.52
chr12	25240191	25240291	1
chr12	25240291	25240316	0.4
chr12	25240416	25240441	0.84
chr12	25240441	25240466	1.28
chr12	25240466	25240616	2
chr12	25240616	25240641	1.16
chr12	25240641	25240666	0.72
chr12	25240966	25240991	0.04
chr12	25240991	25241091	1
chr12	25241091	25241116	1.92
chr12	25241116	25241141	2.36
chr12	25241141	25241166	3
chr12	25241166	25241191	2.96
chr12	25241191	25241291	2
chr12	25241291	25241316	1.08
chr12	25241316	25241341	0.64
chr12	25241366	25241566	1
chr12	25241566	25241591	2.04
chr12	25241591	25241716	3
chr12	25241716	25241741	3.04
chr12	25241741	25241766	4
chr12	25241766	25241791	1.96
chr12	25241791	25241816	1.6
chr12	25241816	25241841	2.4
chr12	25241841	25241916	3
chr12	25241916	25241941	2.96
chr12	25241941	25241991	2
chr12	25241991	25242016	1.4
chr12	25242016	25242041	0.6
chr12	25242216	25242241	0.4
chr12	25242241	25242266	3.88
chr12	25242266	25242316	4
chr12	25242316	25242341	4.6
chr12	25242341	25242366	5.28
chr12	25242366	25242416	6
chr12	25242416	25242441	6.96
chr12	25242441	25242466	4.12
chr12	25242466	25242516	4
chr12	25242516	25242541	4.84
chr12	25242541	25242566	5.72
chr12	25242566	25242591	5.92
chr12	25242591	25242616	6
chr12	25242616	25242641	4.64
chr12	25242641	25242716	4
chr12	25242716	25242741	2.56
chr12	25242741	25242791	1.08
chr12	25242791	25242841	1
chr12	25242841	25242866	1.6
chr12	25242866	25242941	2
chr12	25242941	25242966	1.92
chr12	25242966	25243016	1
chr12	25243016	25243041	1.32
chr12	25243041	25243066	1.92
chr12	25243066	25243191	2
chr12	25243191	25243216	2.76
chr12	25243216	25243241	2.68
chr12	25243241	25243266	1.48
chr12	25243266	25243291	1.96
chr12	25243291	25243341	2
chr12	25243341	25243366	2.32
chr12	25243366	25243391	3
chr12	25243391	25243416	2.24
chr12	25243416	25243441	2
chr12	25243441	25243466	2.16
chr12	25243466	25243491	2.04
chr12	25243491	25243541	2
chr12	25243541	25243566	1.68
chr12	25243566	25243616	1
chr12	25243616	25243666	1.84
chr12	25243666	25243766	1
chr12	25243766	25243791	2.76
chr12	25243791	25243816	3
chr12	25243816	25243841	2.16
chr12	25243841	25243966	2
chr12	25243966	25243991	0.24
chr12	25244216	25244241	0.48
chr12	25244241	25244266	3.92
chr12	25244266	25244416	4
chr12	25244416	25244441	3.52
chr12	25244441	25244466	1.48
chr12	25244466	25244491	4.52
chr12	25244491	25244641	5
chr12	25244641	25244666	3.6
chr12	25244666	25244691	0.48
chr12	25244766	25244791	0.24
chr12	25244791	25244816	1
chr12	25244816	25244841	1.32
chr12	25244841	25244941	3
chr12	25244941	25244966	3.68
chr12	25244966	25244991	5.12
chr12	25244991	25245016	5
chr12	25245016	25245041	4.68
chr12	25245041	25245091	3
chr12	25245091	25245116	4.36
chr12	25245116	25245141	8.04
chr12	25245141	25245166	8.76
chr12	25245166	25245191	7.92
chr12	25245191	25245241	8
chr12	25245241	25245266	8.96
chr12	25245266	25245291	9
chr12	25245291	25245316	7.64
chr12	25245316	25245341	3.96
chr12	25245341	25245366	2.56
chr12	25245366	25245391	1.96
chr12	25245391	25245441	2
chr12	25245441	25245466	1.04
chr12	25245466	25245491	3.64
chr12	25245491	25245516	5.24
chr12	25245516	25245541	6
chr12	25245541	25245566	8.8
chr12	25245566	25245591	10.88
chr12	25245591	25245616	11
chr12	25245616	25245641	12.04
chr12	25245641	25245666	14.48
chr12	25245666	25245691	12.36
chr12	25245691	25245716	13.88
chr12	25245716	25245741	14.36
chr12	25245741	25245766	14.04
chr12	25245766	25245791	14.32
chr12	25245791	25245816	14.88
chr12	25245816	25245841	15.04
chr12	25245841	25245866	16.4
chr12	25245866	25245891	18.28
chr12	25245891	25245916	18.56
chr12	25245916	25245941	20.36
chr12	25245941	25245966	19.16
chr12	25245966	25245991	17.64
chr12	25245991	25246016	17.12
chr12	25246016	25246041	16.4
chr12	25246041	25246066	13.12
chr12	25246066	25246091	10.72
chr12	25246091	25246116	7.92
chr12	25246116	25246141	5.28
chr12	25246141	25246166	4
chr12	25246166	25246191	2.92
chr12	25246191	25246216	4.6
chr12	25246216	25246266	4.52
chr12	25246266	25246291	5
chr12	25246291	25246316	4.4
chr12	25246316	25246391	4
chr12	25246391	25246416	1.4
chr12	25246416	25246441	1
chr12	25246441	25246466	0.48
chr12	25246691	25246716	0.16
chr12	25246716	25246766	1
chr12	25246766	25246791	1.56
chr12	25246791	25246841	2
chr12	25246841	25246866	2.96
chr12	25246866	25246891	3.96
chr12	25246891	25246916	3.84
chr12	25246916	25246941	3.08
chr12	25246941	25246966	4.72
chr12	25246966	25246991	4.44
chr12	25246991	25247041	4
chr12	25247041	25247066	3.04
chr12	25247066	25247091	2.04
chr12	25247091	25247116	2
chr12	25247116	25247141	1.92
chr12	25247141	25247166	0.64
chr12	25247166	25247191	1.16
chr12	25247191	25247216	2.96
chr12	25247216	25247341	4
chr12	25247341	25247366	6.44
chr12	25247366	25247391	6.92
chr12	25247391	25247416	6.04
chr12	25247416	25247441	5
chr12	25247441	25247466	6.36
chr12	25247466	25247491	7
chr12	25247491	25247516	7.64
chr12	25247516	25247541	9
chr12	25247541	25247566	6.2
chr12	25247566	25247591	4.92
chr12	25247591	25247641	4
chr12	25247641	25247666	2.64
chr12	25247666	25247691	2.48
chr12	25247691	25247716	2.36
chr12	25247716	25247741	2.68
chr12	25247741	25247766	4
chr12	25247766	25247791	4.32
chr12	25247791	25247841	6
chr12	25247841	25247866	6.04
chr12	25247866	25247891	6.52
chr12	25247891	25247916	6
chr12	25247916	25247941	4.32
chr12	25247941	25247966	3.48
chr12	25247966	25247991	3.68
chr12	25247991	25248041	2
chr12	25248041	25248066	4.72
chr12	25248066	25248141	4
chr12	25248141	25248166	3.52
chr12	25248166	25248241	3
chr12	25248241	25248266	0.24
chr12	25248266	25248291	0.28
chr12	25248291	25248441	1
chr12	25248441	25248466	1.4
chr12	25248466	25248491	1.72
chr12	25248491	25248516	1.96
chr12	25248516	25248591	2
chr12	25248591	25248616	3.32
chr12	25248616	25248641	5
chr12	25248641	25248666	4.6
chr12	25248666	25248691	4
chr12	25248691	25248716	3.04
chr12	25248716	25248741	4.92
chr12	25248741	25248766	5
chr12	25248766	25248791	5.48
chr12	25248791	25248816	4.68
chr12	25248816	25248841	3
chr12	25248841	25248866	3.12
chr12	25248866	25248916	4
chr12	25248916	25248941	2.76
chr12	25248941	25248966	3
chr12	25248966	25248991	2.52
chr12	25248991	25249041	2
chr12	25249041	25249066	1.88
chr12	25249066	25249116	1
chr12	25249116	25249141	0.32
chr12	25249341	25249366	0.16
chr12	25249366	25249466	1
chr12	25249466	25249491	2.24
chr12	25249491	25249516	6.32
chr12	25249516	25249541	8.16
chr12	25249541	25249566	11.48
chr12	25249566	25249591	13
chr12	25249591	25249616	14.56
chr12	25249616	25249641	21.32
chr12	25249641	25249666	23.4
chr12	25249666	25249691	23.44
chr12	25249691	25249716	21.92
chr12	25249716	25249741	22.84
chr12	25249741	25249766	20.36
chr12	25249766	25249791	18
chr12	25249791	25249816	17.96
chr12	25249816	25249841	14.8
chr12	25249841	25249866	16.36
chr12	25249866	25249891	18.48
chr12	25249891	25249916	22.36
chr12	25249916	25249941	25.84
chr12	25249941	25249966	31.56
chr12	25249966	25249991	38.32
chr12	25249991	25250016	48.6
chr12	25250016	25250041	51.2
chr12	25250041	25250066	52.68
chr12	25250066	25250091	56.32
chr12	25250091	25250116	58.92
chr12	25250116	25250141	62.8
chr12	25250141	25250166	62.92
chr12	25250166	25250191	61.68
chr12	25250191	25250216	53.8
chr12	25250216	25250241	49.72
chr12	25250241	25250266	48.72
chr12	25250266	25250291	45.52
chr12	25250291	25250316	39.72
chr12	25250316	25250341	31.88
chr12	25250341	25250366	28.52
chr12	25250366	25250391	26.44
chr12	25250391	25250416	28.88
chr12	25250416	25250441	29.96
chr12	25250441	25250466	25.84
chr12	25250466	25250491	22
chr12	25250491	25250516	18.76
chr12	25250516	25250541	16.48
chr12	25250541	25250566	13
chr12	25250566	25250591	10.2
chr12	25250591	25250616	4.84
chr12	25250616	25250641	3.32
chr12	25250641	25250666	10.32
chr12	25250666	25250691	18.36
chr12	25250691	25250716	22.12
chr12	25250716	25250741	26.24
chr12	25250741	25250766	28.08
chr12	25250766	25250791	29.24
chr12	25250791	25250816	28.36
chr12	25250816	25250841	27.2
chr12	25250841	25250866	20.68
chr12	25250866	25250891	13.28
chr12	25250891	25250916	10.88
chr12	25250916	25250941	6.96
