track type=wiggle_0 name="K562" description="H3K27Ac Mark (Often Found Near Regulatory Elements) on K562 Cells from ENCODE"
#bedGraph section chr12:25132666-25231591
chr12	25205166	25205266	1
chr12	25205266	25205291	1.76
chr12	25205291	25205341	2
chr12	25205341	25205366	1.2
chr12	25205366	25205441	1
chr12	25205441	25205466	0.8
chr12	25205541	25205566	0.92
chr12	25205566	25205616	1
chr12	25205616	25205641	1.8
chr12	25205641	25205716	3
chr12	25205716	25205741	2.64
chr12	25205741	25205816	2
chr12	25205816	25205841	0.32
chr12	25205941	25205966	0.4
chr12	25205966	25206016	2
chr12	25206016	25206041	2.68
chr12	25206041	25206141	3
chr12	25206141	25206166	1.72
chr12	25206166	25206191	1
chr12	25206191	25206216	0.88
chr12	25206866	25206891	0.76
chr12	25206891	25207041	1
chr12	25207041	25207066	0.8
chr12	25207641	25207666	0.4
chr12	25207666	25207816	1
chr12	25207816	25207841	1.72
chr12	25207841	25207866	2.04
chr12	25207866	25207991	2
chr12	25207991	25208016	1.84
chr12	25208016	25208041	0.68
chr12	25208041	25208066	0.24
chr12	25208066	25208241	1
chr12	25208241	25208266	0.32
chr12	25208416	25208441	0.04
chr12	25208441	25208616	1
chr12	25208616	25208641	0.6
chr12	25208641	25208816	1
chr12	25208816	25208841	0.48
chr12	25208866	25208891	0.44
chr12	25208891	25209066	1
chr12	25209066	25209091	0.12
chr12	25209316	25209341	0.36
chr12	25209341	25209366	1.24
chr12	25209366	25209516	3
chr12	25209516	25209541	2.2
chr12	25209541	25209566	0.88
chr12	25209641	25209666	0.28
chr12	25209666	25209841	1
chr12	25209841	25209866	0.28
chr12	25210716	25210741	0.48
chr12	25210741	25210916	2
chr12	25210916	25210941	0.64
chr12	25211091	25211116	0.92
chr12	25211116	25211166	1
chr12	25211166	25211191	1.44
chr12	25211191	25211266	2
chr12	25211266	25211291	1.64
chr12	25211291	25211366	1
chr12	25211366	25211391	0.12
chr12	25211566	25211591	0.08
chr12	25211591	25211716	1
chr12	25211716	25211741	2.68
chr12	25211741	25211766	3
chr12	25211766	25211791	2.48
chr12	25211791	25211816	2
chr12	25211816	25211841	2.76
chr12	25211841	25211891	3
chr12	25211891	25211916	2.44
chr12	25211916	25211991	1
chr12	25211991	25212016	1.36
chr12	25212016	25212191	2
chr12	25212191	25212216	0.76
chr12	25212216	25212391	1
chr12	25212391	25212416	0.36
chr12	25212416	25212441	0.72
chr12	25212441	25212591	1
chr12	25212591	25212616	0.84
chr12	25212716	25212741	0.8
chr12	25212741	25212891	1
chr12	25212891	25212916	0.84
chr12	25212916	25212966	1
chr12	25212966	25212991	1.2
chr12	25212991	25213016	2.96
chr12	25213016	25213041	3.56
chr12	25213041	25213091	4
chr12	25213091	25213116	3.48
chr12	25213116	25213166	3
chr12	25213166	25213191	1.96
chr12	25213191	25213216	1
chr12	25213741	25213766	1.68
chr12	25213766	25213916	2
chr12	25213916	25213941	1.44
chr12	25213941	25213966	0.84
chr12	25213966	25213991	1
chr12	25213991	25214016	1.44
chr12	25214016	25214116	2
chr12	25214116	25214141	1.72
chr12	25214141	25214191	1
chr12	25214191	25214216	0.12
chr12	25214266	25214291	0.76
chr12	25214291	25214441	1
chr12	25214441	25214466	0.8
chr12	25214691	25214716	0.48
chr12	25214716	25214891	1
chr12	25214891	25214916	0.08
chr12	25214966	25214991	0.16
chr12	25214991	25215166	1
chr12	25215166	25215191	0.4
chr12	25215541	25215566	0.08
chr12	25215566	25215616	2
chr12	25215616	25215641	2.76
chr12	25215641	25215741	3
chr12	25215741	25215766	2.04
chr12	25215766	25215791	1
chr12	25215791	25215816	0.8
chr12	25216241	25216266	0.56
chr12	25216266	25216441	1
chr12	25216541	25216566	0.84
chr12	25216566	25216716	1
chr12	25216716	25216741	0.72
chr12	25216941	25216966	0.76
chr12	25216966	25217041	1
chr12	25217041	25217066	1.28
chr12	25217066	25217116	2
chr12	25217116	25217141	1.8
chr12	25217141	25217241	1
chr12	25217241	25217266	0.28
chr12	25217491	25217516	0.12
chr12	25217516	25217566	1
chr12	25217566	25217591	1.68
chr12	25217591	25217691	2
chr12	25217691	25217716	1.44
chr12	25217716	25217741	1
chr12	25217741	25217766	0.88
chr12	25217816	25217841	0.56
chr12	25217841	25218016	1
chr12	25218191	25218216	0.04
chr12	25218216	25218391	1
chr12	25218391	25218416	0.52
chr12	25218491	25218516	0.08
chr12	25218516	25218541	1
chr12	25218541	25218566	1.6
chr12	25218566	25218691	2
chr12	25218691	25218716	1.48
chr12	25218716	25218741	0.96
chr12	25218991	25219016	0.8
chr12	25219016	25219116	1
chr12	25219116	25219141	1.64
chr12	25219141	25219166	2
chr12	25219166	25219191	1.76
chr12	25219191	25219241	1
chr12	25219241	25219266	2.08
chr12	25219266	25219291	4.2
chr12	25219291	25219316	4.92
chr12	25219316	25219341	4
chr12	25219341	25219366	6.36
chr12	25219366	25219416	8
chr12	25219416	25219441	8.2
chr12	25219441	25219466	6.6
chr12	25219466	25219491	5.36
chr12	25219491	25219516	5
chr12	25219516	25219541	4.64
chr12	25219541	25219566	2.16
chr12	25219566	25219616	2
chr12	25219616	25219641	1.36
chr12	25219641	25219716	1
chr12	25219716	25219741	1.48
chr12	25219741	25219891	1
chr12	25219891	25219916	0.72
chr12	25220016	25220041	0.68
chr12	25220041	25220091	1
chr12	25220091	25220116	2.84
chr12	25220116	25220191	3
chr12	25220191	25220216	3.4
chr12	25220216	25220266	3
chr12	25220266	25220291	2.28
chr12	25220291	25220316	1
chr12	25220316	25220341	1.4
chr12	25220341	25220391	2
chr12	25220391	25220416	1.04
chr12	25220416	25220516	1
chr12	25220516	25220541	0.16
chr12	25220566	25220591	0.4
chr12	25220591	25220766	1
chr12	25220766	25220791	0.16
chr12	25221116	25221141	0.72
chr12	25221141	25221241	1
chr12	25221241	25221266	1.36
chr12	25221266	25221291	2
chr12	25221291	25221316	1.84
chr12	25221316	25221341	2.36
chr12	25221341	25221366	3
chr12	25221366	25221391	3.48
chr12	25221391	25221441	4
chr12	25221441	25221466	3.2
chr12	25221466	25221491	3.56
chr12	25221491	25221516	4.76
chr12	25221516	25221541	3
chr12	25221541	25221566	3.52
chr12	25221566	25221591	3.08
chr12	25221591	25221666	3
chr12	25221666	25221691	1.56
chr12	25221691	25221741	1
chr12	25221741	25221766	0.04
chr12	25221966	25221991	0.72
chr12	25221991	25222141	1
chr12	25222141	25222166	0.84
chr12	25222441	25222466	0.68
chr12	25222466	25222616	1
chr12	25222616	25222641	0.88
chr12	25222866	25222891	0.12
chr12	25222891	25223066	1
chr12	25223066	25223091	0.44
chr12	25223766	25223791	0.16
chr12	25223791	25223966	1
chr12	25223966	25223991	0.4
chr12	25223991	25224016	0.84
chr12	25224016	25224166	1
chr12	25224166	25224191	0.72
chr12	25224191	25224216	0.64
chr12	25224216	25224366	1
chr12	25224366	25224391	0.92
chr12	25224616	25224641	0.2
chr12	25224641	25224666	1.56
chr12	25224666	25224816	2
chr12	25224816	25224841	1.36
chr12	25224941	25224966	0.92
chr12	25224966	25225116	1
chr12	25225116	25225141	0.64
chr12	25225591	25225616	0.28
chr12	25225616	25225791	2
chr12	25225791	25225816	0.84
chr12	25226266	25226291	0.92
chr12	25226291	25226316	1.44
chr12	25226316	25226441	2
chr12	25226441	25226466	1.72
chr12	25226466	25226491	2
chr12	25226491	25226516	1.12
chr12	25226516	25226541	1.8
chr12	25226541	25226641	2
chr12	25226641	25226666	1.48
chr12	25226666	25226691	1
chr12	25226691	25226716	0.76
chr12	25226791	25226816	0.32
chr12	25226816	25226991	1
chr12	25226991	25227016	0.24
chr12	25227216	25227241	0.08
chr12	25227241	25227341	1
chr12	25227341	25227366	1.36
chr12	25227366	25227416	2
chr12	25227416	25227441	1.48
chr12	25227441	25227466	1.24
chr12	25227466	25227491	2
chr12	25227491	25227516	2.96
chr12	25227516	25227541	3.56
chr12	25227541	25227566	3.2
chr12	25227566	25227641	3
chr12	25227641	25227666	3.24
chr12	25227666	25227691	2.6
chr12	25227691	25227716	2
chr12	25227716	25227816	1
chr12	25227816	25227841	1.16
chr12	25227841	25228016	1
chr12	25228016	25228041	0.04
chr12	25228141	25228166	0.08
chr12	25228166	25228341	1
chr12	25228341	25228366	0.48
chr12	25229741	25229766	0.12
chr12	25229766	25229941	1
chr12	25229941	25229966	0.44
chr12	25230241	25230266	0.4
chr12	25230266	25230316	1
chr12	25230316	25230341	1.16
chr12	25230341	25230441	2
chr12	25230441	25230466	1.72
chr12	25230466	25230516	2
chr12	25230516	25230541	1.4
chr12	25230541	25230641	1
chr12	25230866	25230891	0.56
chr12	25230891	25231066	2
chr12	25231066	25231091	0.56
chr12	25231566	25231591	0.08
#bedGraph section chr12:25231591-25313966
chr12	25231591	25231616	1
chr12	25231616	25231641	1.48
chr12	25231641	25231741	2
chr12	25231741	25231766	3.04
chr12	25231766	25231791	3.48
chr12	25231791	25231816	3
chr12	25231816	25231841	2.08
chr12	25231841	25231941	2
chr12	25231941	25231966	0.08
chr12	25232091	25232116	0.16
chr12	25232116	25232191	1
chr12	25232191	25232216	1.64
chr12	25232216	25232291	3
chr12	25232291	25232316	2.4
chr12	25232316	25232391	2
chr12	25232391	25232416	0.48
chr12	25232641	25232666	0.08
chr12	25232666	25232691	1
chr12	25232691	25232716	1.08
chr12	25232716	25232841	2
chr12	25232841	25232866	1.48
chr12	25232866	25232891	1
chr12	25232891	25232916	0.48
chr12	25233066	25233091	0.72
chr12	25233091	25233116	1
chr12	25233116	25233141	1.2
chr12	25233141	25233241	2
chr12	25233241	25233266	1.84
chr12	25233266	25233316	1
chr12	25233316	25233341	0.36
chr12	25233416	25233441	0.68
chr12	25233441	25233591	1
chr12	25233591	25233616	0.88
chr12	25233641	25233666	0.28
chr12	25233666	25233841	1
chr12	25233841	25233866	0.28
chr12	25234316	25234341	1.08
chr12	25234341	25234516	3
chr12	25234516	25234541	0.6
chr12	25234566	25234591	0.4
chr12	25234591	25234766	1
chr12	25234766	25234791	0.16
chr12	25235591	25235616	1.76
chr12	25235616	25235641	2.48
chr12	25235641	25235741	4
chr12	25235741	25235766	4.04
chr12	25235766	25235791	4.36
chr12	25235791	25235816	3
chr12	25235816	25235841	1.64
chr12	25235841	25235891	1
chr12	25235891	25235916	1.2
chr12	25235916	25235941	2.8
chr12	25235941	25235966	2.52
chr12	25235966	25235991	2.24
chr12	25235991	25236016	3
chr12	25236016	25236041	3.24
chr12	25236041	25236066	4
chr12	25236066	25236091	4.48
chr12	25236091	25236116	4.12
chr12	25236116	25236166	3
chr12	25236166	25236191	2.32
chr12	25236191	25236216	2
chr12	25236216	25236241	1.32
chr12	25236241	25236266	1.2
chr12	25236266	25236291	1.08
chr12	25236291	25236366	1
chr12	25236366	25236391	1.24
chr12	25236391	25236416	4
chr12	25236416	25236441	4.28
chr12	25236441	25236466	4.92
chr12	25236466	25236566	5
chr12	25236566	25236591	3.44
chr12	25236591	25236616	2.16
chr12	25236616	25236641	2.28
chr12	25236641	25236791	1
chr12	25236791	25236816	1.28
chr12	25236816	25236991	2
chr12	25236991	25237016	1.2
chr12	25237016	25237166	2
chr12	25237166	25237191	1.8
chr12	25237191	25237216	0.36
chr12	25237241	25237266	0.4
chr12	25237266	25237291	1
chr12	25237291	25237316	1.96
chr12	25237316	25237441	2
chr12	25237441	25237466	1.16
chr12	25237466	25237491	0.6
chr12	25237491	25237516	0.8
chr12	25237516	25237666	1
chr12	25237666	25237691	0.76
chr12	25237716	25237741	0.48
chr12	25237741	25237916	2
chr12	25237916	25237941	0.64
chr12	25238516	25238541	0.32
chr12	25238541	25238641	2
chr12	25238641	25238666	2.8
chr12	25238666	25238716	4
chr12	25238716	25238741	2.8
chr12	25238741	25238841	2
chr12	25238841	25238866	0.32
chr12	25238966	25238991	0.08
chr12	25238991	25239041	1
chr12	25239041	25239066	1.16
chr12	25239066	25239166	3
chr12	25239166	25239191	2.48
chr12	25239191	25239241	2
chr12	25239241	25239266	0.96
chr12	25239541	25239566	0.32
chr12	25239566	25239591	1.8
chr12	25239591	25239741	2
chr12	25239741	25239766	1
chr12	25239816	25239841	0.68
chr12	25239841	25239991	1
chr12	25239991	25240016	0.88
chr12	25240041	25240066	0.32
chr12	25240066	25240241	1
chr12	25240241	25240266	0.24
chr12	25240416	25240441	0.92
chr12	25240441	25240491	1
chr12	25240491	25240516	1.68
chr12	25240516	25240541	2.72
chr12	25240541	25240591	3
chr12	25240591	25240616	2.64
chr12	25240616	25240666	2
chr12	25240666	25240691	1.88
chr12	25240691	25240716	0.84
chr12	25240916	25240941	0.84
chr12	25240941	25240966	1.88
chr12	25240966	25240991	3.88
chr12	25240991	25241091	5
chr12	25241091	25241116	4.72
chr12	25241116	25241141	3.76
chr12	25241141	25241166	2.48
chr12	25241166	25241191	0.24
chr12	25241416	25241441	1.2
chr12	25241441	25241591	2
chr12	25241591	25241616	1.92
chr12	25241716	25241741	1.92
chr12	25241741	25241891	2
chr12	25241891	25241916	1.2
chr12	25242141	25242166	0.8
chr12	25242166	25242241	1
chr12	25242241	25242266	1.52
chr12	25242266	25242316	2
chr12	25242316	25242341	1.76
chr12	25242341	25242441	1
chr12	25242441	25242466	0.04
chr12	25243141	25243166	0.24
chr12	25243166	25243191	2.16
chr12	25243191	25243291	4
chr12	25243291	25243341	5
chr12	25243341	25243366	4.32
chr12	25243366	25243391	2.44
chr12	25243391	25243466	2
chr12	25243466	25243491	1.56
chr12	25243491	25243541	1
chr12	25243541	25243566	0.64
chr12	25243766	25243791	0.24
chr12	25243791	25243966	1
chr12	25243966	25243991	0.32
chr12	25244241	25244266	0.36
chr12	25244266	25244316	1
chr12	25244316	25244341	1.56
chr12	25244341	25244441	2
chr12	25244441	25244466	1.2
chr12	25244466	25244516	1
chr12	25244616	25244641	1.6
chr12	25244641	25244741	2
chr12	25244741	25244766	2.6
chr12	25244766	25244791	3
chr12	25244791	25244816	2.52
chr12	25244816	25244891	1
chr12	25244891	25244941	1.96
chr12	25244941	25244966	1
chr12	25244966	25244991	1.16
chr12	25244991	25245016	2
chr12	25245016	25245041	2.28
chr12	25245041	25245066	3
chr12	25245066	25245091	2.6
chr12	25245091	25245191	2
chr12	25245191	25245216	2.08
chr12	25245216	25245241	2.28
chr12	25245241	25245341	2
chr12	25245341	25245366	1.96
chr12	25245366	25245391	1
chr12	25245391	25245416	0.48
chr12	25245466	25245491	0.44
chr12	25245491	25245541	3
chr12	25245541	25245566	3.08
chr12	25245566	25245641	5
chr12	25245641	25245666	5.56
chr12	25245666	25245691	4.24
chr12	25245691	25245716	3
chr12	25245716	25245741	4.44
chr12	25245741	25245766	5.04
chr12	25245766	25245791	4.48
chr12	25245791	25245841	6
chr12	25245841	25245891	5
chr12	25245891	25245916	4.96
chr12	25245916	25245941	2.28
chr12	25245941	25245966	2
chr12	25245966	25245991	0.64
chr12	25246041	25246066	0.48
chr12	25246066	25246091	2
chr12	25246091	25246116	2.36
chr12	25246116	25246241	3
chr12	25246241	25246266	1.64
chr12	25246266	25246291	1
chr12	25246291	25246316	0.2
chr12	25246416	25246441	0.2
chr12	25246441	25246466	1.92
chr12	25246466	25246616	2
chr12	25246616	25246641	1
chr12	25246816	25246841	0.4
chr12	25246841	25246916	1
chr12	25246916	25246941	1.16
chr12	25246941	25247016	2
chr12	25247016	25247041	1.16
chr12	25247041	25247116	1
chr12	25247116	25247141	0.4
chr12	25247291	25247316	0.12
chr12	25247316	25247341	1.88
chr12	25247341	25247366	2
chr12	25247366	25247391	2.72
chr12	25247391	25247416	3.24
chr12	25247416	25247491	6
chr12	25247491	25247516	5.12
chr12	25247516	25247541	4.4
chr12	25247541	25247566	5.16
chr12	25247566	25247591	5
chr12	25247591	25247616	4.36
chr12	25247616	25247716	3
chr12	25247716	25247741	2.88
chr12	25247741	25247766	2.24
chr12	25247766	25247791	1.64
chr12	25247791	25247891	1
chr12	25247891	25247916	0.84
chr12	25248066	25248091	0.52
chr12	25248091	25248266	1
chr12	25248266	25248291	0.04
chr12	25248441	25248466	0.48
chr12	25248466	25248641	2
chr12	25248641	25248666	0.64
chr12	25248666	25248691	0.2
chr12	25248691	25248866	1
chr12	25248866	25248891	0.36
chr12	25248891	25248966	2
chr12	25248966	25248991	2.64
chr12	25248991	25249066	3
chr12	25249066	25249091	3.08
chr12	25249091	25249141	3
chr12	25249141	25249166	2.92
chr12	25249166	25249241	2
chr12	25249241	25249266	2.24
chr12	25249266	25249291	1.16
chr12	25249291	25249441	1
chr12	25249441	25249466	0.32
chr12	25249541	25249566	0.36
chr12	25249566	25249616	1
chr12	25249616	25249641	1.44
chr12	25249641	25249691	2
chr12	25249691	25249716	2.4
chr12	25249716	25249741	3
chr12	25249741	25249766	2.2
chr12	25249766	25249791	4.28
chr12	25249791	25249816	5
chr12	25249816	25249841	4.12
chr12	25249841	25249866	4.84
chr12	25249866	25249891	6.96
chr12	25249891	25249916	6.32
chr12	25249916	25249941	8.56
chr12	25249941	25249966	12.68
chr12	25249966	25249991	15.2
chr12	25249991	25250016	19.24
chr12	25250016	25250041	24.48
chr12	25250041	25250066	27.52
chr12	25250066	25250091	33.76
chr12	25250091	25250116	36.92
chr12	25250116	25250141	40.4
chr12	25250141	25250166	44
chr12	25250166	25250191	45.28
chr12	25250191	25250216	41.6
chr12	25250216	25250241	38.96
chr12	25250241	25250266	31.96
chr12	25250266	25250291	28
chr12	25250291	25250316	25.52
chr12	25250316	25250341	17.28
chr12	25250341	25250366	10.96
chr12	25250366	25250391	12.44
chr12	25250391	25250416	11.96
chr12	25250416	25250441	13
chr12	25250441	25250466	12.64
chr12	25250466	25250491	12.12
chr12	25250491	25250516	11.32
chr12	25250516	25250541	10
chr12	25250541	25250566	7.48
chr12	25250566	25250591	4.16
chr12	25250591	25250616	4.88
chr12	25250616	25250641	7.68
chr12	25250641	25250666	14.12
chr12	25250666	25250691	19.08
chr12	25250691	25250716	26.16
chr12	25250716	25250741	32.28
chr12	25250741	25250766	35.52
chr12	25250766	25250791	37.92
chr12	25250791	25250816	37.04
chr12	25250816	25250841	32.48
chr12	25250841	25250866	26.96
chr12	25250866	25250891	21.8
chr12	25250891	25250916	14.44
chr12	25250916	25250941	9.88
