track type=wiggle_0 name="H1-hESC" description="H3K4Me1 Mark (Often Found Near Regulatory Elements) on H1-hESC Cells from ENCODE"
#bedGraph section chr19:33291344-33345044
chr19	33299894	33299944	3
chr19	33299944	33299969	3.24
chr19	33299969	33299994	5.16
chr19	33299994	33300019	5.6
chr19	33300019	33300044	5
chr19	33300044	33300069	5.68
chr19	33300069	33300094	5.08
chr19	33300094	33300144	5
chr19	33300144	33300169	5.4
chr19	33300169	33300194	4.84
chr19	33300194	33300219	4.56
chr19	33300219	33300244	6.44
chr19	33300244	33300269	5.4
chr19	33300269	33300294	5.6
chr19	33300294	33300319	6
chr19	33300319	33300344	6.68
chr19	33300344	33300369	7.2
chr19	33300369	33300419	6
chr19	33300419	33300444	5.56
chr19	33300444	33300469	5
chr19	33300469	33300494	4.4
chr19	33300494	33300519	4.24
chr19	33300519	33300544	4.36
chr19	33300544	33300569	4.16
chr19	33300569	33300594	4.12
chr19	33300594	33300619	4.8
chr19	33300619	33300644	4.96
chr19	33300644	33300669	6
chr19	33300669	33300694	6.72
chr19	33300694	33300719	9.8
chr19	33300719	33300744	10.52
chr19	33300744	33300769	10
chr19	33300769	33300794	11
chr19	33300794	33300819	12.88
chr19	33300819	33300844	13.04
chr19	33300844	33300869	12.72
chr19	33300869	33300894	12.56
chr19	33300894	33300919	9.96
chr19	33300919	33300944	9.44
chr19	33300944	33300969	10.52
chr19	33300969	33300994	9.88
chr19	33300994	33301019	8
chr19	33301019	33301044	7
chr19	33301044	33301069	7.36
chr19	33301069	33301094	9.84
chr19	33301094	33301119	10.2
chr19	33301119	33301144	10
chr19	33301144	33301169	8.48
chr19	33301169	33301194	8.72
chr19	33301194	33301219	9.44
chr19	33301219	33301244	10.88
chr19	33301244	33301269	11.56
chr19	33301269	33301294	11.16
chr19	33301294	33301319	10.8
chr19	33301319	33301344	10.92
chr19	33301344	33301369	13.2
chr19	33301369	33301394	13.28
chr19	33301394	33301419	12.84
chr19	33301419	33301444	14.36
chr19	33301444	33301469	17.28
chr19	33301469	33301494	16.24
chr19	33301494	33301519	20.48
chr19	33301519	33301544	21.16
chr19	33301544	33301569	22.96
chr19	33301569	33301594	25.08
chr19	33301594	33301619	25.36
chr19	33301619	33301644	24.56
chr19	33301644	33301669	21.08
chr19	33301669	33301694	20.48
chr19	33301694	33301719	16.52
chr19	33301719	33301744	14.96
chr19	33301744	33301769	13.04
chr19	33301769	33301794	10.92
chr19	33301794	33301819	9.44
chr19	33301819	33301844	7.68
chr19	33301844	33301869	7
chr19	33301869	33301894	6.72
chr19	33301894	33301919	6
chr19	33301919	33301944	5.96
chr19	33301944	33301969	3.8
chr19	33301969	33301994	3
chr19	33301994	33302019	2.68
chr19	33302019	33302044	1.52
chr19	33302044	33302069	2.2
chr19	33302069	33302094	2.36
chr19	33302094	33302144	3
chr19	33302144	33302169	3.64
chr19	33302169	33302194	7.64
chr19	33302194	33302219	10.12
chr19	33302219	33302244	12.48
chr19	33302244	33302269	13.36
chr19	33302269	33302294	13.92
chr19	33302294	33302344	13
chr19	33302344	33302369	12.36
chr19	33302369	33302394	8.36
chr19	33302394	33302419	6.68
chr19	33302419	33302444	4.52
chr19	33302444	33302469	2.44
chr19	33302469	33302494	1.4
chr19	33302494	33302594	2
#bedGraph section chr19:33291344-33345044
chr19	33299894	33299944	3
chr19	33299944	33299969	3.24
chr19	33299969	33299994	5.16
chr19	33299994	33300019	5.6
chr19	33300019	33300044	5
chr19	33300044	33300069	5.68
chr19	33300069	33300094	5.08
chr19	33300094	33300144	5
chr19	33300144	33300169	5.4
chr19	33300169	33300194	4.84
chr19	33300194	33300219	4.56
chr19	33300219	33300244	6.44
chr19	33300244	33300269	5.4
chr19	33300269	33300294	5.6
chr19	33300294	33300319	6
chr19	33300319	33300344	6.68
chr19	33300344	33300369	7.2
chr19	33300369	33300419	6
chr19	33300419	33300444	5.56
chr19	33300444	33300469	5
chr19	33300469	33300494	4.4
chr19	33300494	33300519	4.24
chr19	33300519	33300544	4.36
chr19	33300544	33300569	4.16
chr19	33300569	33300594	4.12
chr19	33300594	33300619	4.8
chr19	33300619	33300644	4.96
chr19	33300644	33300669	6
chr19	33300669	33300694	6.72
chr19	33300694	33300719	9.8
chr19	33300719	33300744	10.52
chr19	33300744	33300769	10
chr19	33300769	33300794	11
chr19	33300794	33300819	12.88
chr19	33300819	33300844	13.04
chr19	33300844	33300869	12.72
chr19	33300869	33300894	12.56
chr19	33300894	33300919	9.96
chr19	33300919	33300944	9.44
chr19	33300944	33300969	10.52
chr19	33300969	33300994	9.88
chr19	33300994	33301019	8
chr19	33301019	33301044	7
chr19	33301044	33301069	7.36
chr19	33301069	33301094	9.84
chr19	33301094	33301119	10.2
chr19	33301119	33301144	10
chr19	33301144	33301169	8.48
chr19	33301169	33301194	8.72
chr19	33301194	33301219	9.44
chr19	33301219	33301244	10.88
chr19	33301244	33301269	11.56
chr19	33301269	33301294	11.16
chr19	33301294	33301319	10.8
chr19	33301319	33301344	10.92
chr19	33301344	33301369	13.2
chr19	33301369	33301394	13.28
chr19	33301394	33301419	12.84
chr19	33301419	33301444	14.36
chr19	33301444	33301469	17.28
chr19	33301469	33301494	16.24
chr19	33301494	33301519	20.48
chr19	33301519	33301544	21.16
chr19	33301544	33301569	22.96
chr19	33301569	33301594	25.08
chr19	33301594	33301619	25.36
chr19	33301619	33301644	24.56
chr19	33301644	33301669	21.08
chr19	33301669	33301694	20.48
chr19	33301694	33301719	16.52
chr19	33301719	33301744	14.96
chr19	33301744	33301769	13.04
chr19	33301769	33301794	10.92
chr19	33301794	33301819	9.44
chr19	33301819	33301844	7.68
chr19	33301844	33301869	7
chr19	33301869	33301894	6.72
chr19	33301894	33301919	6
chr19	33301919	33301944	5.96
chr19	33301944	33301969	3.8
chr19	33301969	33301994	3
chr19	33301994	33302019	2.68
chr19	33302019	33302044	1.52
chr19	33302044	33302069	2.2
chr19	33302069	33302094	2.36
chr19	33302094	33302144	3
chr19	33302144	33302169	3.64
chr19	33302169	33302194	7.64
chr19	33302194	33302219	10.12
chr19	33302219	33302244	12.48
chr19	33302244	33302269	13.36
chr19	33302269	33302294	13.92
chr19	33302294	33302344	13
chr19	33302344	33302369	12.36
chr19	33302369	33302394	8.36
chr19	33302394	33302419	6.68
chr19	33302419	33302444	4.52
chr19	33302444	33302469	2.44
chr19	33302469	33302494	1.4
chr19	33302494	33302594	2
