track type=wiggle_0 name="H1-hESC" description="H3K27Ac Mark (Often Found Near Regulatory Elements) on H1-hESC Cells from ENCODE"
#bedGraph section chr19:33277419-33322969
chr19	33299894	33299969	1
chr19	33299969	33299994	1.6
chr19	33299994	33300019	1.2
chr19	33300019	33300169	1
chr19	33300169	33300194	0.6
chr19	33300194	33300219	1.08
chr19	33300219	33300244	2
chr19	33300244	33300269	3.84
chr19	33300269	33300294	5.96
chr19	33300294	33300369	6
chr19	33300369	33300394	5.8
chr19	33300394	33300419	4.92
chr19	33300419	33300444	4
chr19	33300444	33300469	2.16
chr19	33300469	33300494	0.04
chr19	33300519	33300544	0.4
chr19	33300544	33300719	1
chr19	33300719	33300744	0.6
chr19	33300769	33300794	0.56
chr19	33300794	33300969	1
chr19	33300969	33300994	0.44
chr19	33301044	33301069	0.08
chr19	33301069	33301094	2.44
chr19	33301094	33301119	3.2
chr19	33301119	33301219	4
chr19	33301219	33301244	4.04
chr19	33301244	33301269	4.92
chr19	33301269	33301294	2.56
chr19	33301294	33301319	1.8
chr19	33301319	33301394	1
chr19	33301394	33301419	2.52
chr19	33301419	33301444	3.96
chr19	33301444	33301469	3
chr19	33301469	33301494	3.12
chr19	33301494	33301519	4.08
chr19	33301519	33301594	5
chr19	33301594	33301619	3.48
chr19	33301619	33301669	2
chr19	33301669	33301694	1.88
chr19	33301694	33301719	0.92
chr19	33301944	33301969	2.6
chr19	33301969	33302044	3
chr19	33302044	33302069	3.56
chr19	33302069	33302144	4
chr19	33302144	33302169	1.4
chr19	33302169	33302244	1
chr19	33302244	33302269	0.44
chr19	33302344	33302369	0.64
chr19	33302369	33302394	1.88
chr19	33302394	33302469	2
chr19	33302469	33302494	2.92
chr19	33302494	33302544	3
chr19	33302544	33302569	2.36
#bedGraph section chr19:33277419-33322969
chr19	33299894	33299969	1
chr19	33299969	33299994	1.6
chr19	33299994	33300019	1.2
chr19	33300019	33300169	1
chr19	33300169	33300194	0.6
chr19	33300194	33300219	1.08
chr19	33300219	33300244	2
chr19	33300244	33300269	3.84
chr19	33300269	33300294	5.96
chr19	33300294	33300369	6
chr19	33300369	33300394	5.8
chr19	33300394	33300419	4.92
chr19	33300419	33300444	4
chr19	33300444	33300469	2.16
chr19	33300469	33300494	0.04
chr19	33300519	33300544	0.4
chr19	33300544	33300719	1
chr19	33300719	33300744	0.6
chr19	33300769	33300794	0.56
chr19	33300794	33300969	1
chr19	33300969	33300994	0.44
chr19	33301044	33301069	0.08
chr19	33301069	33301094	2.44
chr19	33301094	33301119	3.2
chr19	33301119	33301219	4
chr19	33301219	33301244	4.04
chr19	33301244	33301269	4.92
chr19	33301269	33301294	2.56
chr19	33301294	33301319	1.8
chr19	33301319	33301394	1
chr19	33301394	33301419	2.52
chr19	33301419	33301444	3.96
chr19	33301444	33301469	3
chr19	33301469	33301494	3.12
chr19	33301494	33301519	4.08
chr19	33301519	33301594	5
chr19	33301594	33301619	3.48
chr19	33301619	33301669	2
chr19	33301669	33301694	1.88
chr19	33301694	33301719	0.92
chr19	33301944	33301969	2.6
chr19	33301969	33302044	3
chr19	33302044	33302069	3.56
chr19	33302069	33302144	4
chr19	33302144	33302169	1.4
chr19	33302169	33302244	1
chr19	33302244	33302269	0.44
chr19	33302344	33302369	0.64
chr19	33302369	33302394	1.88
chr19	33302394	33302469	2
chr19	33302469	33302494	2.92
chr19	33302494	33302544	3
