track type=wiggle_0 name="H1-hESC" description="H3K4Me3 Mark (Often Found Near Promoters) on H1-hESC Cells from ENCODE"
#bedGraph section chr19:33226919-33301319
chr19	33299844	33299969	1
chr19	33299969	33299994	0.72
chr19	33300544	33300569	0.88
chr19	33300569	33300694	1
chr19	33300694	33300719	0.52
chr19	33300744	33300769	0.64
chr19	33300769	33300794	1
chr19	33300794	33300819	1.16
chr19	33300819	33300894	2
chr19	33300894	33300919	2.44
chr19	33300919	33300944	2
chr19	33300944	33300969	3.08
chr19	33300969	33300994	4.24
chr19	33300994	33301019	4
chr19	33301019	33301044	4.44
chr19	33301044	33301069	5.56
chr19	33301069	33301094	6.36
chr19	33301094	33301119	8.6
chr19	33301119	33301144	8.96
chr19	33301144	33301169	9.6
chr19	33301169	33301194	10.32
chr19	33301194	33301219	9.56
chr19	33301219	33301244	9.52
chr19	33301244	33301269	7.68
chr19	33301269	33301294	7.36
chr19	33301294	33301319	7.56
#bedGraph section chr19:33301319-33375569
chr19	33301319	33301344	11.64
chr19	33301344	33301369	12.32
chr19	33301369	33301394	15.88
chr19	33301394	33301419	17.36
chr19	33301419	33301444	18.28
chr19	33301444	33301469	19.24
chr19	33301469	33301494	17.2
chr19	33301494	33301519	17.36
chr19	33301519	33301544	15.08
chr19	33301544	33301569	14.24
chr19	33301569	33301594	11.76
chr19	33301594	33301619	9.04
chr19	33301619	33301644	6.72
chr19	33301644	33301669	6.16
chr19	33301669	33301694	6.92
chr19	33301694	33301719	4.72
chr19	33301719	33301794	4
chr19	33301794	33301819	3
chr19	33301819	33301844	0.2
chr19	33301869	33301894	0.72
chr19	33301894	33301919	1.16
chr19	33301919	33302019	2
chr19	33302019	33302044	2.24
chr19	33302044	33302069	2.8
chr19	33302069	33302094	2.24
chr19	33302094	33302119	3.08
chr19	33302119	33302144	4.2
chr19	33302144	33302169	7
chr19	33302169	33302194	7.84
chr19	33302194	33302219	7.12
chr19	33302219	33302244	7.36
chr19	33302244	33302269	9.72
chr19	33302269	33302294	10
chr19	33302294	33302319	9.16
chr19	33302319	33302344	8.68
chr19	33302344	33302369	10.76
chr19	33302369	33302394	11.56
chr19	33302394	33302419	11.72
chr19	33302419	33302444	11.16
chr19	33302444	33302469	10.6
chr19	33302469	33302494	9.04
chr19	33302494	33302519	7.04
chr19	33302519	33302544	6.24
chr19	33302544	33302569	3.68
#bedGraph section chr19:33226919-33301319
chr19	33299844	33299969	1
chr19	33299969	33299994	0.72
chr19	33300544	33300569	0.88
chr19	33300569	33300694	1
chr19	33300694	33300719	0.52
chr19	33300744	33300769	0.64
chr19	33300769	33300794	1
chr19	33300794	33300819	1.16
chr19	33300819	33300894	2
chr19	33300894	33300919	2.44
chr19	33300919	33300944	2
chr19	33300944	33300969	3.08
chr19	33300969	33300994	4.24
chr19	33300994	33301019	4
chr19	33301019	33301044	4.44
chr19	33301044	33301069	5.56
chr19	33301069	33301094	6.36
chr19	33301094	33301119	8.6
chr19	33301119	33301144	8.96
chr19	33301144	33301169	9.6
chr19	33301169	33301194	10.32
chr19	33301194	33301219	9.56
chr19	33301219	33301244	9.52
chr19	33301244	33301269	7.68
chr19	33301269	33301294	7.36
chr19	33301294	33301319	7.56
#bedGraph section chr19:33301319-33375569
chr19	33301319	33301344	11.64
chr19	33301344	33301369	12.32
chr19	33301369	33301394	15.88
chr19	33301394	33301419	17.36
chr19	33301419	33301444	18.28
chr19	33301444	33301469	19.24
chr19	33301469	33301494	17.2
chr19	33301494	33301519	17.36
chr19	33301519	33301544	15.08
chr19	33301544	33301569	14.24
chr19	33301569	33301594	11.76
chr19	33301594	33301619	9.04
chr19	33301619	33301644	6.72
chr19	33301644	33301669	6.16
chr19	33301669	33301694	6.92
chr19	33301694	33301719	4.72
chr19	33301719	33301794	4
chr19	33301794	33301819	3
chr19	33301819	33301844	0.2
chr19	33301869	33301894	0.72
chr19	33301894	33301919	1.16
chr19	33301919	33302019	2
chr19	33302019	33302044	2.24
chr19	33302044	33302069	2.8
chr19	33302069	33302094	2.24
chr19	33302094	33302119	3.08
chr19	33302119	33302144	4.2
chr19	33302144	33302169	7
chr19	33302169	33302194	7.84
chr19	33302194	33302219	7.12
chr19	33302219	33302244	7.36
chr19	33302244	33302269	9.72
chr19	33302269	33302294	10
chr19	33302294	33302319	9.16
chr19	33302319	33302344	8.68
chr19	33302344	33302369	10.76
chr19	33302369	33302394	11.56
chr19	33302394	33302419	11.72
chr19	33302419	33302444	11.16
chr19	33302444	33302469	10.6
chr19	33302469	33302494	9.04
chr19	33302494	33302519	7.04
chr19	33302519	33302544	6.24
