track type=wiggle_0 name="K562" description="H3K4Me1 Mark (Often Found Near Regulatory Elements) on K562 Cells from ENCODE"
#bedGraph section chr19:33297269-33360719
chr19	33299919	33299944	2.16
chr19	33299944	33299969	2
chr19	33299969	33299994	0.48
chr19	33300069	33300094	0.04
chr19	33300094	33300119	1.72
chr19	33300119	33300169	2
chr19	33300169	33300194	2.12
chr19	33300194	33300219	3.2
chr19	33300219	33300244	4
chr19	33300244	33300269	4.96
chr19	33300269	33300294	5.16
chr19	33300294	33300369	5
chr19	33300369	33300394	4.28
chr19	33300394	33300419	3.2
chr19	33300419	33300444	2.84
chr19	33300444	33300469	1
chr19	33300469	33300494	0.28
chr19	33300519	33300544	0.96
chr19	33300544	33300569	1
chr19	33300569	33300594	1.08
chr19	33300594	33300669	2
chr19	33300669	33300694	2.16
chr19	33300694	33300719	2.44
chr19	33300719	33300744	2
chr19	33300744	33300769	3
chr19	33300769	33300794	2.32
chr19	33300794	33300819	2.96
chr19	33300819	33300869	3
chr19	33300869	33300894	2.24
chr19	33300894	33300919	2
chr19	33300919	33300944	1.4
chr19	33300944	33300969	1
chr19	33300969	33300994	1.2
chr19	33300994	33301144	1
chr19	33301144	33301194	0.64
chr19	33301194	33301219	1.68
chr19	33301219	33301344	2
chr19	33301344	33301369	1.76
chr19	33301369	33301394	1.28
chr19	33301394	33301469	2
chr19	33301469	33301494	2.04
chr19	33301494	33301519	3
chr19	33301519	33301544	3.84
chr19	33301544	33301569	4
chr19	33301569	33301594	2.24
chr19	33301594	33301669	2
chr19	33301669	33301694	1.36
chr19	33301694	33301719	0.56
chr19	33302144	33302169	0.44
chr19	33302169	33302219	1
chr19	33302219	33302244	1.48
chr19	33302244	33302319	2
chr19	33302319	33302344	1.96
chr19	33302344	33302394	1
chr19	33302394	33302419	0.92
chr19	33302494	33302519	0.32
chr19	33302519	33302594	1
#bedGraph section chr19:33297269-33360719
chr19	33299919	33299944	2.16
chr19	33299944	33299969	2
chr19	33299969	33299994	0.48
chr19	33300069	33300094	0.04
chr19	33300094	33300119	1.72
chr19	33300119	33300169	2
chr19	33300169	33300194	2.12
chr19	33300194	33300219	3.2
chr19	33300219	33300244	4
chr19	33300244	33300269	4.96
chr19	33300269	33300294	5.16
chr19	33300294	33300369	5
chr19	33300369	33300394	4.28
chr19	33300394	33300419	3.2
chr19	33300419	33300444	2.84
chr19	33300444	33300469	1
chr19	33300469	33300494	0.28
chr19	33300519	33300544	0.96
chr19	33300544	33300569	1
chr19	33300569	33300594	1.08
chr19	33300594	33300669	2
chr19	33300669	33300694	2.16
chr19	33300694	33300719	2.44
chr19	33300719	33300744	2
chr19	33300744	33300769	3
chr19	33300769	33300794	2.32
chr19	33300794	33300819	2.96
chr19	33300819	33300869	3
chr19	33300869	33300894	2.24
chr19	33300894	33300919	2
chr19	33300919	33300944	1.4
chr19	33300944	33300969	1
chr19	33300969	33300994	1.2
chr19	33300994	33301144	1
chr19	33301144	33301194	0.64
chr19	33301194	33301219	1.68
chr19	33301219	33301344	2
chr19	33301344	33301369	1.76
chr19	33301369	33301394	1.28
chr19	33301394	33301469	2
chr19	33301469	33301494	2.04
chr19	33301494	33301519	3
chr19	33301519	33301544	3.84
chr19	33301544	33301569	4
chr19	33301569	33301594	2.24
chr19	33301594	33301669	2
chr19	33301669	33301694	1.36
chr19	33301694	33301719	0.56
chr19	33302144	33302169	0.44
chr19	33302169	33302219	1
chr19	33302219	33302244	1.48
chr19	33302244	33302319	2
chr19	33302319	33302344	1.96
chr19	33302344	33302394	1
chr19	33302394	33302419	0.92
chr19	33302494	33302519	0.32
chr19	33302519	33302594	1
