track type=wiggle_0 name="K562" description="H3K4Me3 Mark (Often Found Near Promoters) on K562 Cells from ENCODE"
#bedGraph section chr19:33245369-33316944
chr19	33299969	33299994	0.36
chr19	33299994	33300019	1.96
chr19	33300019	33300044	2.84
chr19	33300044	33300119	3
chr19	33300119	33300144	3.32
chr19	33300144	33300169	4
chr19	33300169	33300194	3.64
chr19	33300194	33300219	2.84
chr19	33300219	33300244	2.16
chr19	33300244	33300319	2
chr19	33300319	33300344	1.68
chr19	33300344	33300369	1
chr19	33300369	33300394	1.08
chr19	33300394	33300419	1.2
chr19	33300419	33300569	1
chr19	33300569	33300594	0.92
chr19	33300694	33300719	0.24
chr19	33300719	33300794	1
chr19	33300794	33300819	1.44
chr19	33300819	33300894	2
chr19	33300894	33300919	1.96
chr19	33300919	33300994	2
chr19	33300994	33301019	1.56
chr19	33301019	33301094	1
chr19	33301094	33301119	1.52
chr19	33301119	33301294	1
chr19	33301294	33301319	0.28
chr19	33301844	33301869	2.48
chr19	33301869	33301894	3
chr19	33301894	33301919	4.2
chr19	33301919	33301969	5
chr19	33301969	33301994	5.6
chr19	33301994	33302019	6
chr19	33302019	33302044	6.2
chr19	33302044	33302069	4.52
chr19	33302069	33302094	4
chr19	33302094	33302119	2.8
chr19	33302119	33302144	3.52
chr19	33302144	33302169	6.12
chr19	33302169	33302194	10.04
chr19	33302194	33302219	11.56
chr19	33302219	33302244	15.04
chr19	33302244	33302269	15
chr19	33302269	33302294	15.88
chr19	33302294	33302319	21.36
chr19	33302319	33302344	22.4
chr19	33302344	33302369	21.68
chr19	33302369	33302394	20.68
chr19	33302394	33302419	21.08
chr19	33302419	33302444	17.76
chr19	33302444	33302469	17.68
chr19	33302469	33302494	17.12
chr19	33302494	33302519	11.64
chr19	33302519	33302544	9.08
chr19	33302544	33302569	7.2
#bedGraph section chr19:33245369-33316944
chr19	33299969	33299994	0.36
chr19	33299994	33300019	1.96
chr19	33300019	33300044	2.84
chr19	33300044	33300119	3
chr19	33300119	33300144	3.32
chr19	33300144	33300169	4
chr19	33300169	33300194	3.64
chr19	33300194	33300219	2.84
chr19	33300219	33300244	2.16
chr19	33300244	33300319	2
chr19	33300319	33300344	1.68
chr19	33300344	33300369	1
chr19	33300369	33300394	1.08
chr19	33300394	33300419	1.2
chr19	33300419	33300569	1
chr19	33300569	33300594	0.92
chr19	33300694	33300719	0.24
chr19	33300719	33300794	1
chr19	33300794	33300819	1.44
chr19	33300819	33300894	2
chr19	33300894	33300919	1.96
chr19	33300919	33300994	2
chr19	33300994	33301019	1.56
chr19	33301019	33301094	1
chr19	33301094	33301119	1.52
chr19	33301119	33301294	1
chr19	33301294	33301319	0.28
chr19	33301844	33301869	2.48
chr19	33301869	33301894	3
chr19	33301894	33301919	4.2
chr19	33301919	33301969	5
chr19	33301969	33301994	5.6
chr19	33301994	33302019	6
chr19	33302019	33302044	6.2
chr19	33302044	33302069	4.52
chr19	33302069	33302094	4
chr19	33302094	33302119	2.8
chr19	33302119	33302144	3.52
chr19	33302144	33302169	6.12
chr19	33302169	33302194	10.04
chr19	33302194	33302219	11.56
chr19	33302219	33302244	15.04
chr19	33302244	33302269	15
chr19	33302269	33302294	15.88
chr19	33302294	33302319	21.36
chr19	33302319	33302344	22.4
chr19	33302344	33302369	21.68
chr19	33302369	33302394	20.68
chr19	33302394	33302419	21.08
chr19	33302419	33302444	17.76
chr19	33302444	33302469	17.68
chr19	33302469	33302494	17.12
chr19	33302494	33302519	11.64
chr19	33302519	33302544	9.08
